ANGLE A0 A1 DATETIME
0 0.459750 0.097500 2023-10-30T15:58:33.234375
0 0.458500 0.097000 2023-10-30T15:58:33.234375
0 0.456875 0.097000 2023-10-30T15:58:33.250000
0 0.455625 0.096625 2023-10-30T15:58:33.250000
0 0.453875 0.096500 2023-10-30T15:58:33.250000
0 0.453500 0.096250 2023-10-30T15:58:33.250000
0 0.452875 0.095625 2023-10-30T15:58:33.250000
0 0.452375 0.095375 2023-10-30T15:58:33.250000
0 0.450750 0.095375 2023-10-30T15:58:33.250000
0 0.449625 0.095000 2023-10-30T15:58:33.250000
0 0.447625 0.094875 2023-10-30T15:58:33.250000
0 0.447125 0.094375 2023-10-30T15:58:33.250000
0 0.446500 0.094000 2023-10-30T15:58:33.250000
0 0.446125 0.094000 2023-10-30T15:58:33.250000
0 0.444750 0.093875 2023-10-30T15:58:33.250000
0 0.443500 0.093750 2023-10-30T15:58:33.250000
0 0.441750 0.093250 2023-10-30T15:58:33.250000
0 0.440750 0.092875 2023-10-30T15:58:33.250000
0 0.440125 0.092500 2023-10-30T15:58:33.250000
0 0.439750 0.092375 2023-10-30T15:58:33.250000
0 0.438500 0.092250 2023-10-30T15:58:33.250000
0 0.437250 0.092000 2023-10-30T15:58:33.250000
0 0.435750 0.091750 2023-10-30T15:58:33.250000
0 0.434250 0.091375 2023-10-30T15:58:33.250000
0 0.433750 0.091250 2023-10-30T15:58:33.250000
0 0.433625 0.090875 2023-10-30T15:58:33.250000
0 0.432750 0.090750 2023-10-30T15:58:33.250000
0 0.431250 0.090375 2023-10-30T15:58:33.250000
0 0.429875 0.090250 2023-10-30T15:58:33.250000
0 0.428500 0.090000 2023-10-30T15:58:33.250000
0 0.427625 0.089375 2023-10-30T15:58:33.265625
0 0.427250 0.089250 2023-10-30T15:58:33.265625
0 0.426750 0.089125 2023-10-30T15:58:33.265625
0 0.425375 0.088875 2023-10-30T15:58:33.265625
0 0.424375 0.088875 2023-10-30T15:58:33.265625
0 0.422500 0.088250 2023-10-30T15:58:33.265625
0 0.421500 0.088250 2023-10-30T15:58:33.265625
0 0.420750 0.087625 2023-10-30T15:58:33.265625
0 0.420625 0.087375 2023-10-30T15:58:33.265625
0 0.419125 0.087375 2023-10-30T15:58:33.265625
0 0.418375 0.087250 2023-10-30T15:58:33.265625
0 0.416375 0.087125 2023-10-30T15:58:33.265625
0 0.415500 0.086625 2023-10-30T15:58:33.265625
0 0.414875 0.086250 2023-10-30T15:58:33.265625
0 0.414625 0.085875 2023-10-30T15:58:33.265625
0 0.413375 0.085500 2023-10-30T15:58:33.265625
0 0.412000 0.085625 2023-10-30T15:58:33.265625
0 0.410750 0.085250 2023-10-30T15:58:33.265625
0 0.409125 0.085000 2023-10-30T15:58:33.265625
0 0.408750 0.084375 2023-10-30T15:58:33.265625
20 0.408250 0.084250 2023-10-30T15:58:39.781250
20 0.407750 0.084125 2023-10-30T15:58:39.781250
20 0.407000 0.084250 2023-10-30T15:58:39.781250
20 0.405375 0.083875 2023-10-30T15:58:39.781250
20 0.403625 0.083625 2023-10-30T15:58:39.781250
20 0.402750 0.083125 2023-10-30T15:58:39.781250
20 0.402375 0.082875 2023-10-30T15:58:39.781250
20 0.402000 0.082625 2023-10-30T15:58:39.796875
20 0.400750 0.082375 2023-10-30T15:58:39.796875
20 0.399875 0.082375 2023-10-30T15:58:39.796875
20 0.398125 0.082000 2023-10-30T15:58:39.796875
20 0.397125 0.081625 2023-10-30T15:58:39.796875
20 0.396500 0.081375 2023-10-30T15:58:39.796875
20 0.396000 0.081125 2023-10-30T15:58:39.796875
20 0.395000 0.080875 2023-10-30T15:58:39.796875
20 0.394000 0.081000 2023-10-30T15:58:39.796875
20 0.392750 0.080750 2023-10-30T15:58:39.796875
20 0.391250 0.080375 2023-10-30T15:58:39.796875
20 0.390875 0.080000 2023-10-30T15:58:39.796875
20 0.390125 0.079750 2023-10-30T15:58:39.796875
20 0.389500 0.079500 2023-10-30T15:58:39.796875
20 0.388625 0.079500 2023-10-30T15:58:39.796875
20 0.387125 0.079500 2023-10-30T15:58:39.796875
20 0.385375 0.078875 2023-10-30T15:58:39.796875
20 0.384750 0.078375 2023-10-30T15:58:39.796875
20 0.384500 0.078125 2023-10-30T15:58:39.796875
20 0.383625 0.078250 2023-10-30T15:58:39.796875
20 0.382375 0.078000 2023-10-30T15:58:39.796875
20 0.381125 0.077875 2023-10-30T15:58:39.796875
20 0.379375 0.077500 2023-10-30T15:58:39.796875
20 0.378500 0.077125 2023-10-30T15:58:39.796875
20 0.378125 0.076875 2023-10-30T15:58:39.796875
20 0.377875 0.076625 2023-10-30T15:58:39.796875
20 0.376625 0.076500 2023-10-30T15:58:39.796875
20 0.375625 0.076375 2023-10-30T15:58:39.796875
20 0.373625 0.076125 2023-10-30T15:58:39.796875
20 0.372625 0.075750 2023-10-30T15:58:39.812500
20 0.372250 0.075250 2023-10-30T15:58:39.812500
20 0.371750 0.075000 2023-10-30T15:58:39.812500
20 0.370375 0.075000 2023-10-30T15:58:39.812500
20 0.369625 0.075000 2023-10-30T15:58:39.812500
20 0.368375 0.074750 2023-10-30T15:58:39.812500
20 0.366250 0.074250 2023-10-30T15:58:39.812500
20 0.365875 0.074000 2023-10-30T15:58:39.812500
20 0.365375 0.073750 2023-10-30T15:58:39.812500
20 0.365125 0.073500 2023-10-30T15:58:39.812500
20 0.363875 0.073375 2023-10-30T15:58:39.812500
20 0.362500 0.073250 2023-10-30T15:58:39.812500
20 0.361000 0.072875 2023-10-30T15:58:39.812500
20 0.360125 0.072625 2023-10-30T15:58:39.812500
40 0.359375 0.072250 2023-10-30T15:58:46.328125
40 0.359125 0.072125 2023-10-30T15:58:46.328125
40 0.358250 0.072250 2023-10-30T15:58:46.328125
40 0.356875 0.071875 2023-10-30T15:58:46.328125
40 0.355000 0.071625 2023-10-30T15:58:46.328125
40 0.354125 0.071250 2023-10-30T15:58:46.328125
40 0.353750 0.070750 2023-10-30T15:58:46.328125
40 0.353125 0.070625 2023-10-30T15:58:46.328125
40 0.352125 0.070375 2023-10-30T15:58:46.328125
40 0.351125 0.070500 2023-10-30T15:58:46.328125
40 0.349625 0.070125 2023-10-30T15:58:46.328125
40 0.348500 0.069875 2023-10-30T15:58:46.328125
40 0.347875 0.069375 2023-10-30T15:58:46.328125
40 0.347000 0.069250 2023-10-30T15:58:46.343750
40 0.347000 0.068875 2023-10-30T15:58:46.343750
40 0.345375 0.068875 2023-10-30T15:58:46.343750
40 0.344125 0.068875 2023-10-30T15:58:46.343750
40 0.342375 0.068500 2023-10-30T15:58:46.343750
40 0.342000 0.068625 2023-10-30T15:58:46.343750
40 0.341375 0.067875 2023-10-30T15:58:46.343750
40 0.341125 0.067750 2023-10-30T15:58:46.343750
40 0.339875 0.067625 2023-10-30T15:58:46.343750
40 0.339000 0.067375 2023-10-30T15:58:46.343750
40 0.337125 0.067375 2023-10-30T15:58:46.343750
40 0.336375 0.066875 2023-10-30T15:58:46.343750
40 0.335750 0.066625 2023-10-30T15:58:46.343750
40 0.335625 0.066250 2023-10-30T15:58:46.343750
40 0.334375 0.066250 2023-10-30T15:58:46.343750
40 0.333250 0.066000 2023-10-30T15:58:46.343750
40 0.332000 0.066000 2023-10-30T15:58:46.343750
40 0.330625 0.065500 2023-10-30T15:58:46.343750
40 0.330250 0.065250 2023-10-30T15:58:46.343750
40 0.329750 0.064875 2023-10-30T15:58:46.343750
40 0.329250 0.065000 2023-10-30T15:58:46.343750
40 0.328125 0.064750 2023-10-30T15:58:46.343750
40 0.326625 0.064750 2023-10-30T15:58:46.343750
40 0.325250 0.064375 2023-10-30T15:58:46.343750
40 0.324750 0.064125 2023-10-30T15:58:46.343750
40 0.324250 0.063625 2023-10-30T15:58:46.343750
40 0.323625 0.063750 2023-10-30T15:58:46.343750
40 0.322625 0.063250 2023-10-30T15:58:46.343750
40 0.321625 0.063250 2023-10-30T15:58:46.343750
40 0.319750 0.063125 2023-10-30T15:58:46.359375
40 0.318875 0.062875 2023-10-30T15:58:46.359375
40 0.318500 0.062500 2023-10-30T15:58:46.359375
40 0.318250 0.062125 2023-10-30T15:58:46.359375
40 0.317375 0.062000 2023-10-30T15:58:46.359375
40 0.315875 0.062250 2023-10-30T15:58:46.359375
40 0.314625 0.062000 2023-10-30T15:58:46.359375
40 0.313750 0.061625 2023-10-30T15:58:46.359375
60 0.312750 0.061000 2023-10-30T15:58:52.875000
60 0.312750 0.060750 2023-10-30T15:58:52.875000
60 0.312250 0.060875 2023-10-30T15:58:52.875000
60 0.310625 0.060750 2023-10-30T15:58:52.875000
60 0.309375 0.060625 2023-10-30T15:58:52.875000
60 0.308250 0.060250 2023-10-30T15:58:52.875000
60 0.307625 0.060000 2023-10-30T15:58:52.875000
60 0.307250 0.059625 2023-10-30T15:58:52.875000
60 0.306875 0.059500 2023-10-30T15:58:52.875000
60 0.305500 0.059250 2023-10-30T15:58:52.875000
60 0.304750 0.059375 2023-10-30T15:58:52.875000
60 0.303000 0.058875 2023-10-30T15:58:52.875000
60 0.302500 0.058625 2023-10-30T15:58:52.875000
60 0.301750 0.058125 2023-10-30T15:58:52.875000
60 0.301375 0.058000 2023-10-30T15:58:52.875000
60 0.300250 0.058125 2023-10-30T15:58:52.875000
60 0.299500 0.058000 2023-10-30T15:58:52.875000
60 0.297625 0.057750 2023-10-30T15:58:52.875000
60 0.297000 0.057250 2023-10-30T15:58:52.890625
60 0.296500 0.056875 2023-10-30T15:58:52.890625
60 0.295750 0.056750 2023-10-30T15:58:52.890625
60 0.295125 0.056750 2023-10-30T15:58:52.890625
60 0.294000 0.056625 2023-10-30T15:58:52.890625
60 0.292875 0.056500 2023-10-30T15:58:52.890625
60 0.291625 0.056375 2023-10-30T15:58:52.890625
60 0.290875 0.056000 2023-10-30T15:58:52.890625
60 0.290875 0.055750 2023-10-30T15:58:52.890625
60 0.290250 0.055375 2023-10-30T15:58:52.890625
60 0.288750 0.055625 2023-10-30T15:58:52.890625
60 0.287750 0.055125 2023-10-30T15:58:52.890625
60 0.286000 0.054875 2023-10-30T15:58:52.890625
60 0.285625 0.054750 2023-10-30T15:58:52.890625
60 0.285000 0.054125 2023-10-30T15:58:52.890625
60 0.284625 0.054125 2023-10-30T15:58:52.890625
60 0.283625 0.054250 2023-10-30T15:58:52.890625
60 0.282625 0.054000 2023-10-30T15:58:52.890625
60 0.281000 0.053875 2023-10-30T15:58:52.890625
60 0.280250 0.053500 2023-10-30T15:58:52.890625
60 0.279750 0.053125 2023-10-30T15:58:52.890625
60 0.279500 0.052875 2023-10-30T15:58:52.890625
60 0.278125 0.053000 2023-10-30T15:58:52.890625
60 0.277500 0.052750 2023-10-30T15:58:52.890625
60 0.275875 0.052500 2023-10-30T15:58:52.890625
60 0.274875 0.052375 2023-10-30T15:58:52.890625
60 0.274375 0.051875 2023-10-30T15:58:52.890625
60 0.274500 0.051625 2023-10-30T15:58:52.890625
60 0.273625 0.051625 2023-10-30T15:58:52.890625
60 0.272375 0.051500 2023-10-30T15:58:52.906250
60 0.271625 0.051375 2023-10-30T15:58:52.906250
60 0.269750 0.051125 2023-10-30T15:58:52.906250
80 0.269375 0.050625 2023-10-30T15:58:59.421875
80 0.269125 0.050375 2023-10-30T15:58:59.421875
80 0.268750 0.050250 2023-10-30T15:58:59.421875
80 0.267625 0.050250 2023-10-30T15:58:59.421875
80 0.266500 0.050250 2023-10-30T15:58:59.421875
80 0.265000 0.050000 2023-10-30T15:58:59.421875
80 0.264500 0.049625 2023-10-30T15:58:59.421875
80 0.264250 0.049250 2023-10-30T15:58:59.421875
80 0.263625 0.049375 2023-10-30T15:58:59.421875
80 0.262875 0.049125 2023-10-30T15:58:59.421875
80 0.262125 0.049125 2023-10-30T15:58:59.421875
80 0.260375 0.048750 2023-10-30T15:58:59.421875
80 0.259625 0.048500 2023-10-30T15:58:59.421875
80 0.259125 0.048250 2023-10-30T15:58:59.421875
80 0.258875 0.048125 2023-10-30T15:58:59.421875
80 0.258000 0.047875 2023-10-30T15:58:59.421875
80 0.257125 0.047750 2023-10-30T15:58:59.421875
80 0.256000 0.047500 2023-10-30T15:58:59.421875
80 0.254375 0.047375 2023-10-30T15:58:59.421875
80 0.254375 0.047000 2023-10-30T15:58:59.421875
80 0.253750 0.046750 2023-10-30T15:58:59.421875
80 0.253875 0.046625 2023-10-30T15:58:59.421875
80 0.252500 0.046750 2023-10-30T15:58:59.421875
80 0.251500 0.046625 2023-10-30T15:58:59.421875
80 0.249875 0.046250 2023-10-30T15:58:59.421875
80 0.249375 0.046125 2023-10-30T15:58:59.421875
80 0.248875 0.045625 2023-10-30T15:58:59.437500
80 0.248875 0.045375 2023-10-30T15:58:59.437500
80 0.247375 0.045375 2023-10-30T15:58:59.437500
80 0.246500 0.045375 2023-10-30T15:58:59.437500
80 0.244625 0.045250 2023-10-30T15:58:59.437500
80 0.244000 0.045000 2023-10-30T15:58:59.437500
80 0.243500 0.044500 2023-10-30T15:58:59.437500
80 0.243500 0.044250 2023-10-30T15:58:59.437500
80 0.242750 0.044375 2023-10-30T15:58:59.437500
80 0.241500 0.044125 2023-10-30T15:58:59.437500
80 0.240250 0.044125 2023-10-30T15:58:59.437500
80 0.239000 0.043750 2023-10-30T15:58:59.437500
80 0.238500 0.043625 2023-10-30T15:58:59.437500
80 0.238125 0.043125 2023-10-30T15:58:59.437500
80 0.237875 0.043250 2023-10-30T15:58:59.437500
80 0.236750 0.043125 2023-10-30T15:58:59.437500
80 0.235750 0.043000 2023-10-30T15:58:59.437500
80 0.234250 0.042875 2023-10-30T15:58:59.437500
80 0.233500 0.042625 2023-10-30T15:58:59.437500
80 0.233125 0.042125 2023-10-30T15:58:59.437500
80 0.233250 0.042125 2023-10-30T15:58:59.437500
80 0.231875 0.041750 2023-10-30T15:58:59.437500
80 0.230625 0.041875 2023-10-30T15:58:59.437500
80 0.229125 0.041625 2023-10-30T15:58:59.437500
100 0.229000 0.041375 2023-10-30T15:59:05.953125
100 0.228375 0.041125 2023-10-30T15:59:05.953125
100 0.228000 0.041000 2023-10-30T15:59:05.953125
100 0.227125 0.040750 2023-10-30T15:59:05.953125
100 0.226125 0.040625 2023-10-30T15:59:05.953125
100 0.224625 0.040375 2023-10-30T15:59:05.953125
100 0.223375 0.040250 2023-10-30T15:59:05.968750
100 0.223500 0.040125 2023-10-30T15:59:05.968750
100 0.223000 0.039875 2023-10-30T15:59:05.968750
100 0.222500 0.039625 2023-10-30T15:59:05.968750
100 0.221125 0.039875 2023-10-30T15:59:05.968750
100 0.220250 0.039500 2023-10-30T15:59:05.968750
100 0.219000 0.039125 2023-10-30T15:59:05.968750
100 0.218250 0.039000 2023-10-30T15:59:05.968750
100 0.218125 0.038625 2023-10-30T15:59:05.968750
100 0.218000 0.038625 2023-10-30T15:59:05.968750
100 0.216750 0.038625 2023-10-30T15:59:05.968750
100 0.215750 0.038625 2023-10-30T15:59:05.968750
100 0.214250 0.038250 2023-10-30T15:59:05.968750
100 0.213750 0.038125 2023-10-30T15:59:05.968750
100 0.213500 0.037625 2023-10-30T15:59:05.968750
100 0.213125 0.037500 2023-10-30T15:59:05.968750
100 0.212000 0.037875 2023-10-30T15:59:05.968750
100 0.211250 0.037500 2023-10-30T15:59:05.968750
100 0.210000 0.037250 2023-10-30T15:59:05.968750
100 0.208875 0.036875 2023-10-30T15:59:05.968750
100 0.208750 0.036750 2023-10-30T15:59:05.968750
100 0.208625 0.036625 2023-10-30T15:59:05.968750
100 0.207625 0.036500 2023-10-30T15:59:05.968750
100 0.206750 0.036375 2023-10-30T15:59:05.968750
100 0.205875 0.036375 2023-10-30T15:59:05.968750
100 0.204625 0.036125 2023-10-30T15:59:05.968750
100 0.204000 0.035875 2023-10-30T15:59:05.968750
100 0.203875 0.035500 2023-10-30T15:59:05.968750
100 0.203750 0.035375 2023-10-30T15:59:05.968750
100 0.202625 0.035500 2023-10-30T15:59:05.984375
100 0.201750 0.035375 2023-10-30T15:59:05.984375
100 0.200125 0.035250 2023-10-30T15:59:05.984375
100 0.199875 0.034875 2023-10-30T15:59:05.984375
100 0.199500 0.034500 2023-10-30T15:59:05.984375
100 0.199250 0.034375 2023-10-30T15:59:05.984375
100 0.198375 0.034125 2023-10-30T15:59:05.984375
100 0.197375 0.034375 2023-10-30T15:59:05.984375
100 0.195875 0.034125 2023-10-30T15:59:05.984375
100 0.195250 0.033625 2023-10-30T15:59:05.984375
100 0.194750 0.033375 2023-10-30T15:59:05.984375
100 0.194750 0.033375 2023-10-30T15:59:05.984375
100 0.194000 0.033250 2023-10-30T15:59:05.984375
100 0.193250 0.033375 2023-10-30T15:59:05.984375
100 0.192000 0.033250 2023-10-30T15:59:05.984375
120 0.190750 0.033000 2023-10-30T15:59:12.500000
120 0.190625 0.032875 2023-10-30T15:59:12.500000
120 0.190000 0.032250 2023-10-30T15:59:12.500000
120 0.189875 0.032125 2023-10-30T15:59:12.500000
120 0.188750 0.032375 2023-10-30T15:59:12.500000
120 0.187625 0.032375 2023-10-30T15:59:12.500000
120 0.186250 0.032000 2023-10-30T15:59:12.500000
120 0.186250 0.031750 2023-10-30T15:59:12.500000
120 0.185500 0.031375 2023-10-30T15:59:12.500000
120 0.185500 0.031375 2023-10-30T15:59:12.500000
120 0.184625 0.031375 2023-10-30T15:59:12.500000
120 0.183875 0.031500 2023-10-30T15:59:12.500000
120 0.182250 0.031000 2023-10-30T15:59:12.500000
120 0.182000 0.030875 2023-10-30T15:59:12.500000
120 0.181500 0.030375 2023-10-30T15:59:12.515625
120 0.181125 0.030250 2023-10-30T15:59:12.515625
120 0.180625 0.030375 2023-10-30T15:59:12.515625
120 0.179125 0.030250 2023-10-30T15:59:12.515625
120 0.178000 0.030125 2023-10-30T15:59:12.515625
120 0.177250 0.029875 2023-10-30T15:59:12.515625
120 0.177000 0.029625 2023-10-30T15:59:12.515625
120 0.176875 0.029250 2023-10-30T15:59:12.515625
120 0.176000 0.029500 2023-10-30T15:59:12.515625
120 0.175250 0.029250 2023-10-30T15:59:12.515625
120 0.174125 0.029250 2023-10-30T15:59:12.515625
120 0.172875 0.028750 2023-10-30T15:59:12.515625
120 0.172875 0.028625 2023-10-30T15:59:12.515625
120 0.172500 0.028375 2023-10-30T15:59:12.515625
120 0.172500 0.028375 2023-10-30T15:59:12.515625
120 0.171125 0.028375 2023-10-30T15:59:12.515625
120 0.170375 0.028250 2023-10-30T15:59:12.515625
120 0.168750 0.028000 2023-10-30T15:59:12.515625
120 0.168375 0.027750 2023-10-30T15:59:12.515625
120 0.168250 0.027375 2023-10-30T15:59:12.515625
120 0.168125 0.027375 2023-10-30T15:59:12.515625
120 0.166875 0.027250 2023-10-30T15:59:12.515625
120 0.166500 0.027500 2023-10-30T15:59:12.515625
120 0.165000 0.027375 2023-10-30T15:59:12.515625
120 0.164375 0.027000 2023-10-30T15:59:12.515625
120 0.164000 0.026875 2023-10-30T15:59:12.515625
120 0.163625 0.026375 2023-10-30T15:59:12.515625
120 0.163250 0.026250 2023-10-30T15:59:12.515625
120 0.162375 0.026625 2023-10-30T15:59:12.515625
120 0.161125 0.026375 2023-10-30T15:59:12.531250
120 0.160000 0.026000 2023-10-30T15:59:12.531250
120 0.159625 0.025875 2023-10-30T15:59:12.531250
120 0.159625 0.025375 2023-10-30T15:59:12.531250
120 0.159250 0.025750 2023-10-30T15:59:12.531250
120 0.158250 0.025500 2023-10-30T15:59:12.531250
120 0.157250 0.025375 2023-10-30T15:59:12.531250
140 0.155500 0.025375 2023-10-30T15:59:19.046875
140 0.155625 0.024750 2023-10-30T15:59:19.046875
140 0.155375 0.024750 2023-10-30T15:59:19.046875
140 0.155125 0.024625 2023-10-30T15:59:19.046875
140 0.154250 0.024750 2023-10-30T15:59:19.046875
140 0.153500 0.024500 2023-10-30T15:59:19.046875
140 0.151875 0.024250 2023-10-30T15:59:19.046875
140 0.151500 0.024375 2023-10-30T15:59:19.046875
140 0.151000 0.023875 2023-10-30T15:59:19.046875
140 0.151000 0.023750 2023-10-30T15:59:19.046875
140 0.150250 0.023625 2023-10-30T15:59:19.046875
140 0.149500 0.023750 2023-10-30T15:59:19.046875
140 0.148125 0.023500 2023-10-30T15:59:19.046875
140 0.147500 0.023250 2023-10-30T15:59:19.046875
140 0.147000 0.022875 2023-10-30T15:59:19.046875
140 0.147000 0.022875 2023-10-30T15:59:19.046875
140 0.146500 0.023000 2023-10-30T15:59:19.046875
140 0.145625 0.022875 2023-10-30T15:59:19.046875
140 0.144500 0.022625 2023-10-30T15:59:19.046875
140 0.143125 0.022625 2023-10-30T15:59:19.046875
140 0.143000 0.022375 2023-10-30T15:59:19.046875
140 0.143125 0.022000 2023-10-30T15:59:19.062500
140 0.142625 0.022000 2023-10-30T15:59:19.062500
140 0.141625 0.022125 2023-10-30T15:59:19.062500
140 0.140875 0.021750 2023-10-30T15:59:19.062500
140 0.139375 0.021750 2023-10-30T15:59:19.062500
140 0.139000 0.021625 2023-10-30T15:59:19.062500
140 0.138875 0.021500 2023-10-30T15:59:19.062500
140 0.139000 0.021250 2023-10-30T15:59:19.062500
140 0.138000 0.021125 2023-10-30T15:59:19.062500
140 0.137125 0.021250 2023-10-30T15:59:19.062500
140 0.135750 0.021000 2023-10-30T15:59:19.062500
140 0.135125 0.020625 2023-10-30T15:59:19.062500
140 0.134875 0.020500 2023-10-30T15:59:19.062500
140 0.135000 0.020500 2023-10-30T15:59:19.062500
140 0.134375 0.020500 2023-10-30T15:59:19.062500
140 0.133625 0.020375 2023-10-30T15:59:19.062500
140 0.132250 0.020375 2023-10-30T15:59:19.062500
140 0.131250 0.020125 2023-10-30T15:59:19.062500
140 0.131125 0.019875 2023-10-30T15:59:19.062500
140 0.131000 0.019500 2023-10-30T15:59:19.062500
140 0.130625 0.019250 2023-10-30T15:59:19.062500
140 0.129625 0.019250 2023-10-30T15:59:19.062500
140 0.129000 0.019375 2023-10-30T15:59:19.062500
140 0.127750 0.019375 2023-10-30T15:59:19.062500
140 0.127250 0.019125 2023-10-30T15:59:19.062500
140 0.126875 0.018875 2023-10-30T15:59:19.062500
140 0.127000 0.018500 2023-10-30T15:59:19.062500
140 0.126125 0.018750 2023-10-30T15:59:19.062500
140 0.125500 0.018625 2023-10-30T15:59:19.078125
160 0.124000 0.018500 2023-10-30T15:59:25.593750
160 0.123625 0.018250 2023-10-30T15:59:25.593750
160 0.123000 0.018000 2023-10-30T15:59:25.593750
160 0.123375 0.018000 2023-10-30T15:59:25.593750
160 0.122875 0.018000 2023-10-30T15:59:25.593750
160 0.121750 0.018125 2023-10-30T15:59:25.593750
160 0.120500 0.017750 2023-10-30T15:59:25.593750
160 0.119625 0.017500 2023-10-30T15:59:25.593750
160 0.119250 0.017250 2023-10-30T15:59:25.593750
160 0.119375 0.017250 2023-10-30T15:59:25.593750
160 0.118875 0.017000 2023-10-30T15:59:25.593750
160 0.118250 0.017000 2023-10-30T15:59:25.593750
160 0.117125 0.017250 2023-10-30T15:59:25.593750
160 0.115875 0.016875 2023-10-30T15:59:25.593750
160 0.115750 0.016750 2023-10-30T15:59:25.593750
160 0.115750 0.016500 2023-10-30T15:59:25.593750
160 0.115750 0.016375 2023-10-30T15:59:25.593750
160 0.114625 0.016125 2023-10-30T15:59:25.593750
160 0.113750 0.016500 2023-10-30T15:59:25.593750
160 0.112625 0.016000 2023-10-30T15:59:25.593750
160 0.112375 0.016000 2023-10-30T15:59:25.593750
160 0.111750 0.015625 2023-10-30T15:59:25.593750
160 0.112000 0.015625 2023-10-30T15:59:25.593750
160 0.111125 0.015625 2023-10-30T15:59:25.593750
160 0.110625 0.015875 2023-10-30T15:59:25.593750
160 0.109375 0.015250 2023-10-30T15:59:25.593750
160 0.108750 0.015250 2023-10-30T15:59:25.593750
160 0.108500 0.015000 2023-10-30T15:59:25.593750
160 0.108750 0.014875 2023-10-30T15:59:25.609375
160 0.107875 0.015000 2023-10-30T15:59:25.609375
160 0.106875 0.015000 2023-10-30T15:59:25.609375
160 0.106375 0.014875 2023-10-30T15:59:25.609375
160 0.105250 0.014625 2023-10-30T15:59:25.609375
160 0.105250 0.014500 2023-10-30T15:59:25.609375
160 0.105250 0.014250 2023-10-30T15:59:25.609375
160 0.105000 0.014375 2023-10-30T15:59:25.609375
160 0.104250 0.014375 2023-10-30T15:59:25.609375
160 0.103000 0.014125 2023-10-30T15:59:25.609375
160 0.102250 0.014000 2023-10-30T15:59:25.609375
160 0.102000 0.013750 2023-10-30T15:59:25.609375
160 0.101750 0.013625 2023-10-30T15:59:25.609375
160 0.101875 0.013750 2023-10-30T15:59:25.609375
160 0.101000 0.013625 2023-10-30T15:59:25.609375
160 0.100500 0.013500 2023-10-30T15:59:25.609375
160 0.098750 0.013500 2023-10-30T15:59:25.609375
160 0.098625 0.013125 2023-10-30T15:59:25.609375
160 0.098000 0.013000 2023-10-30T15:59:25.609375
160 0.098500 0.013000 2023-10-30T15:59:25.609375
160 0.097750 0.013000 2023-10-30T15:59:25.609375
160 0.097125 0.012875 2023-10-30T15:59:25.609375
180 0.096000 0.012750 2023-10-30T15:59:32.125000
180 0.095250 0.012625 2023-10-30T15:59:32.125000
180 0.095000 0.012625 2023-10-30T15:59:32.125000
180 0.095125 0.012250 2023-10-30T15:59:32.125000
180 0.094750 0.012250 2023-10-30T15:59:32.125000
180 0.093750 0.012250 2023-10-30T15:59:32.125000
180 0.092750 0.012375 2023-10-30T15:59:32.125000
180 0.091625 0.011875 2023-10-30T15:59:32.125000
180 0.091875 0.011875 2023-10-30T15:59:32.140625
180 0.091625 0.011625 2023-10-30T15:59:32.140625
180 0.091500 0.011750 2023-10-30T15:59:32.140625
180 0.090625 0.011500 2023-10-30T15:59:32.140625
180 0.090250 0.011625 2023-10-30T15:59:32.140625
180 0.088625 0.011375 2023-10-30T15:59:32.140625
180 0.088625 0.011250 2023-10-30T15:59:32.140625
180 0.088375 0.010875 2023-10-30T15:59:32.140625
180 0.088625 0.011000 2023-10-30T15:59:32.140625
180 0.087875 0.011125 2023-10-30T15:59:32.140625
180 0.087000 0.011125 2023-10-30T15:59:32.140625
180 0.085625 0.010875 2023-10-30T15:59:32.140625
180 0.085125 0.010875 2023-10-30T15:59:32.140625
180 0.085125 0.010375 2023-10-30T15:59:32.140625
180 0.085250 0.010500 2023-10-30T15:59:32.140625
180 0.084625 0.010500 2023-10-30T15:59:32.140625
180 0.083875 0.010250 2023-10-30T15:59:32.140625
180 0.082875 0.010375 2023-10-30T15:59:32.140625
180 0.082125 0.010125 2023-10-30T15:59:32.140625
180 0.082000 0.010000 2023-10-30T15:59:32.140625
180 0.082000 0.009750 2023-10-30T15:59:32.140625
180 0.081625 0.009875 2023-10-30T15:59:32.140625
180 0.080750 0.009750 2023-10-30T15:59:32.140625
180 0.080250 0.009750 2023-10-30T15:59:32.140625
180 0.079125 0.009750 2023-10-30T15:59:32.140625
180 0.079125 0.009375 2023-10-30T15:59:32.140625
180 0.078875 0.009250 2023-10-30T15:59:32.140625
180 0.078875 0.009250 2023-10-30T15:59:32.140625
180 0.078000 0.009375 2023-10-30T15:59:32.140625
180 0.077375 0.009250 2023-10-30T15:59:32.156250
180 0.076125 0.009000 2023-10-30T15:59:32.156250
180 0.076000 0.009000 2023-10-30T15:59:32.156250
180 0.076000 0.008875 2023-10-30T15:59:32.156250
180 0.076000 0.008875 2023-10-30T15:59:32.156250
180 0.075125 0.008875 2023-10-30T15:59:32.156250
180 0.074875 0.008875 2023-10-30T15:59:32.156250
180 0.073500 0.008375 2023-10-30T15:59:32.156250
180 0.073000 0.008125 2023-10-30T15:59:32.156250
180 0.072750 0.008250 2023-10-30T15:59:32.156250
180 0.073000 0.008250 2023-10-30T15:59:32.156250
180 0.072500 0.008375 2023-10-30T15:59:32.156250
180 0.071875 0.008375 2023-10-30T15:59:32.156250
200 0.070625 0.008125 2023-10-30T15:59:38.671875
200 0.070125 0.007875 2023-10-30T15:59:38.671875
200 0.070000 0.007750 2023-10-30T15:59:38.671875
200 0.070375 0.007625 2023-10-30T15:59:38.671875
200 0.070000 0.007750 2023-10-30T15:59:38.671875
200 0.069000 0.007625 2023-10-30T15:59:38.671875
200 0.068375 0.007625 2023-10-30T15:59:38.671875
200 0.067250 0.007500 2023-10-30T15:59:38.671875
200 0.067250 0.007250 2023-10-30T15:59:38.671875
200 0.067250 0.007125 2023-10-30T15:59:38.671875
200 0.067375 0.007000 2023-10-30T15:59:38.671875
200 0.066500 0.007125 2023-10-30T15:59:38.671875
200 0.065750 0.007125 2023-10-30T15:59:38.671875
200 0.064375 0.007000 2023-10-30T15:59:38.671875
200 0.064375 0.006875 2023-10-30T15:59:38.671875
200 0.064375 0.006500 2023-10-30T15:59:38.671875
200 0.064750 0.006500 2023-10-30T15:59:38.687500
200 0.064125 0.006750 2023-10-30T15:59:38.687500
200 0.063375 0.006625 2023-10-30T15:59:38.687500
200 0.062000 0.006500 2023-10-30T15:59:38.687500
200 0.061875 0.006500 2023-10-30T15:59:38.687500
200 0.062000 0.006250 2023-10-30T15:59:38.687500
200 0.062125 0.006125 2023-10-30T15:59:38.687500
200 0.061500 0.006125 2023-10-30T15:59:38.687500
200 0.060750 0.006125 2023-10-30T15:59:38.687500
200 0.059750 0.006250 2023-10-30T15:59:38.687500
200 0.059000 0.006000 2023-10-30T15:59:38.687500
200 0.059375 0.005625 2023-10-30T15:59:38.687500
200 0.059375 0.005625 2023-10-30T15:59:38.687500
200 0.059125 0.005750 2023-10-30T15:59:38.687500
200 0.058375 0.005875 2023-10-30T15:59:38.687500
200 0.057500 0.005750 2023-10-30T15:59:38.687500
200 0.056750 0.005375 2023-10-30T15:59:38.687500
200 0.056625 0.005375 2023-10-30T15:59:38.687500
200 0.056750 0.005250 2023-10-30T15:59:38.687500
200 0.056500 0.005250 2023-10-30T15:59:38.687500
200 0.055750 0.005375 2023-10-30T15:59:38.687500
200 0.055000 0.005250 2023-10-30T15:59:38.687500
200 0.054000 0.005125 2023-10-30T15:59:38.687500
200 0.053625 0.004875 2023-10-30T15:59:38.687500
200 0.054000 0.004750 2023-10-30T15:59:38.687500
200 0.054250 0.004875 2023-10-30T15:59:38.687500
200 0.053500 0.004875 2023-10-30T15:59:38.687500
200 0.053000 0.005000 2023-10-30T15:59:38.687500
200 0.051625 0.004625 2023-10-30T15:59:38.687500
200 0.051375 0.004750 2023-10-30T15:59:38.703125
200 0.051500 0.004375 2023-10-30T15:59:38.703125
200 0.051500 0.004375 2023-10-30T15:59:38.703125
200 0.051125 0.004500 2023-10-30T15:59:38.703125
200 0.050625 0.004500 2023-10-30T15:59:38.703125
220 0.049500 0.004500 2023-10-30T15:59:45.218750
220 0.048875 0.004125 2023-10-30T15:59:45.218750
220 0.049125 0.004000 2023-10-30T15:59:45.218750
220 0.049250 0.003875 2023-10-30T15:59:45.218750
220 0.049125 0.004000 2023-10-30T15:59:45.218750
220 0.048375 0.004125 2023-10-30T15:59:45.218750
220 0.047625 0.004125 2023-10-30T15:59:45.218750
220 0.046625 0.003875 2023-10-30T15:59:45.218750
220 0.046625 0.003625 2023-10-30T15:59:45.218750
220 0.046625 0.003250 2023-10-30T15:59:45.218750
220 0.046625 0.003625 2023-10-30T15:59:45.218750
220 0.046250 0.003625 2023-10-30T15:59:45.218750
220 0.045625 0.003750 2023-10-30T15:59:45.218750
220 0.044625 0.003625 2023-10-30T15:59:45.218750
220 0.044125 0.003625 2023-10-30T15:59:45.218750
220 0.044250 0.003125 2023-10-30T15:59:45.218750
220 0.044625 0.003125 2023-10-30T15:59:45.218750
220 0.044000 0.003125 2023-10-30T15:59:45.218750
220 0.043375 0.003250 2023-10-30T15:59:45.218750
220 0.042375 0.003125 2023-10-30T15:59:45.218750
220 0.042375 0.003125 2023-10-30T15:59:45.218750
220 0.042125 0.003000 2023-10-30T15:59:45.218750
220 0.042375 0.003125 2023-10-30T15:59:45.218750
220 0.042125 0.002750 2023-10-30T15:59:45.218750
220 0.041250 0.003000 2023-10-30T15:59:45.218750
220 0.040500 0.003125 2023-10-30T15:59:45.218750
220 0.040000 0.002625 2023-10-30T15:59:45.218750
220 0.040000 0.002875 2023-10-30T15:59:45.234375
220 0.040125 0.002250 2023-10-30T15:59:45.234375
220 0.039875 0.002500 2023-10-30T15:59:45.234375
220 0.039375 0.002875 2023-10-30T15:59:45.234375
220 0.038875 0.002875 2023-10-30T15:59:45.234375
220 0.037625 0.002500 2023-10-30T15:59:45.234375
220 0.037625 0.002250 2023-10-30T15:59:45.234375
220 0.037875 0.002125 2023-10-30T15:59:45.234375
220 0.038125 0.002250 2023-10-30T15:59:45.234375
220 0.037375 0.002375 2023-10-30T15:59:45.234375
220 0.037125 0.002375 2023-10-30T15:59:45.234375
220 0.035875 0.002375 2023-10-30T15:59:45.234375
220 0.035875 0.002125 2023-10-30T15:59:45.234375
220 0.036125 0.002000 2023-10-30T15:59:45.234375
220 0.036125 0.002125 2023-10-30T15:59:45.234375
220 0.035750 0.002000 2023-10-30T15:59:45.234375
220 0.035250 0.002000 2023-10-30T15:59:45.234375
220 0.034125 0.002125 2023-10-30T15:59:45.234375
220 0.034000 0.001750 2023-10-30T15:59:45.234375
220 0.033750 0.001750 2023-10-30T15:59:45.234375
220 0.034375 0.001625 2023-10-30T15:59:45.234375
220 0.033875 0.001750 2023-10-30T15:59:45.234375
220 0.033625 0.001875 2023-10-30T15:59:45.234375
240 0.032375 0.001875 2023-10-30T15:59:51.750000
240 0.031875 0.001875 2023-10-30T15:59:51.750000
240 0.031875 0.001500 2023-10-30T15:59:51.750000
240 0.032375 0.001250 2023-10-30T15:59:51.750000
240 0.032250 0.001500 2023-10-30T15:59:51.765625
240 0.031500 0.001500 2023-10-30T15:59:51.765625
240 0.030625 0.001500 2023-10-30T15:59:51.765625
240 0.030000 0.001625 2023-10-30T15:59:51.765625
240 0.030125 0.001250 2023-10-30T15:59:51.765625
240 0.030375 0.001250 2023-10-30T15:59:51.765625
240 0.030500 0.001125 2023-10-30T15:59:51.765625
240 0.029750 0.001375 2023-10-30T15:59:51.765625
240 0.029375 0.001250 2023-10-30T15:59:51.765625
240 0.028125 0.000875 2023-10-30T15:59:51.765625
240 0.028125 0.000875 2023-10-30T15:59:51.765625
240 0.028375 0.000875 2023-10-30T15:59:51.765625
240 0.028625 0.000750 2023-10-30T15:59:51.765625
240 0.028000 0.000875 2023-10-30T15:59:51.765625
240 0.028000 0.001125 2023-10-30T15:59:51.765625
240 0.026625 0.001000 2023-10-30T15:59:51.765625
240 0.026625 0.000750 2023-10-30T15:59:51.765625
240 0.026375 0.000750 2023-10-30T15:59:51.765625
240 0.026750 0.000750 2023-10-30T15:59:51.765625
240 0.026625 0.000625 2023-10-30T15:59:51.765625
240 0.026125 0.000750 2023-10-30T15:59:51.765625
240 0.025250 0.000875 2023-10-30T15:59:51.765625
240 0.024750 0.000750 2023-10-30T15:59:51.765625
240 0.024875 0.000750 2023-10-30T15:59:51.765625
240 0.025125 0.000375 2023-10-30T15:59:51.765625
240 0.025250 0.000625 2023-10-30T15:59:51.765625
240 0.024625 0.000625 2023-10-30T15:59:51.765625
240 0.023875 0.000625 2023-10-30T15:59:51.765625
240 0.023125 0.000375 2023-10-30T15:59:51.765625
240 0.023250 0.000375 2023-10-30T15:59:51.781250
240 0.023125 0.000250 2023-10-30T15:59:51.781250
240 0.023500 0.000375 2023-10-30T15:59:51.781250
240 0.023125 0.000625 2023-10-30T15:59:51.781250
240 0.022500 0.000625 2023-10-30T15:59:51.781250
240 0.021625 0.000500 2023-10-30T15:59:51.781250
240 0.021625 0.000375 2023-10-30T15:59:51.781250
240 0.021750 0.000250 2023-10-30T15:59:51.781250
240 0.021875 0.000250 2023-10-30T15:59:51.781250
240 0.021500 0.000000 2023-10-30T15:59:51.781250
240 0.021250 0.000375 2023-10-30T15:59:51.781250
240 0.020500 0.000375 2023-10-30T15:59:51.781250
240 0.020125 0.000125 2023-10-30T15:59:51.781250
240 0.020250 0.000250 2023-10-30T15:59:51.781250
240 1.985250 0.566750 2023-10-30T15:59:51.781250
240 1.986125 0.566750 2023-10-30T15:59:51.781250
260 1.985625 0.566875 2023-10-30T15:59:58.296875
260 1.985500 0.567000 2023-10-30T15:59:58.296875
260 1.984625 0.567000 2023-10-30T15:59:58.296875
260 1.984750 0.566875 2023-10-30T15:59:58.296875
260 1.985250 0.566750 2023-10-30T15:59:58.296875
260 1.986125 0.566750 2023-10-30T15:59:58.296875
260 1.986125 0.566875 2023-10-30T15:59:58.296875
260 1.986000 0.567000 2023-10-30T15:59:58.296875
260 1.985250 0.566875 2023-10-30T15:59:58.296875
260 1.985250 0.566875 2023-10-30T15:59:58.296875
260 1.985500 0.566750 2023-10-30T15:59:58.296875
260 1.986125 0.566750 2023-10-30T15:59:58.296875
260 1.986375 0.566875 2023-10-30T15:59:58.312500
260 1.986500 0.567000 2023-10-30T15:59:58.312500
260 1.986375 0.567250 2023-10-30T15:59:58.312500
260 1.986000 0.567125 2023-10-30T15:59:58.312500
260 1.987000 0.567000 2023-10-30T15:59:58.312500
260 1.987500 0.566875 2023-10-30T15:59:58.312500
260 1.988750 0.567500 2023-10-30T15:59:58.312500
260 1.988750 0.567750 2023-10-30T15:59:58.312500
260 1.989875 0.568125 2023-10-30T15:59:58.312500
260 1.989250 0.568000 2023-10-30T15:59:58.312500
260 1.990250 0.568250 2023-10-30T15:59:58.312500
260 1.991500 0.568125 2023-10-30T15:59:58.312500
260 1.992500 0.568250 2023-10-30T15:59:58.312500
260 1.993000 0.568875 2023-10-30T15:59:58.312500
260 1.994125 0.569125 2023-10-30T15:59:58.312500
260 1.994250 0.569250 2023-10-30T15:59:58.312500
260 1.994750 0.569500 2023-10-30T15:59:58.312500
260 1.996250 0.569875 2023-10-30T15:59:58.312500
260 1.998125 0.570000 2023-10-30T15:59:58.312500
260 1.999000 0.570000 2023-10-30T15:59:58.312500
260 2.000250 0.570625 2023-10-30T15:59:58.312500
260 2.001375 0.571000 2023-10-30T15:59:58.312500
260 2.001625 0.571125 2023-10-30T15:59:58.312500
260 2.003250 0.571625 2023-10-30T15:59:58.312500
260 2.005250 0.571750 2023-10-30T15:59:58.312500
260 2.006750 0.572375 2023-10-30T15:59:58.312500
260 2.007500 0.572875 2023-10-30T15:59:58.312500
260 2.009625 0.573375 2023-10-30T15:59:58.312500
260 2.010125 0.573500 2023-10-30T15:59:58.312500
260 2.011750 0.574000 2023-10-30T15:59:58.328125
260 2.013500 0.574250 2023-10-30T15:59:58.328125
260 2.015375 0.574625 2023-10-30T15:59:58.328125
260 2.016625 0.575125 2023-10-30T15:59:58.328125
260 2.017625 0.575500 2023-10-30T15:59:58.328125
260 2.018625 0.575875 2023-10-30T15:59:58.328125
260 2.211000 0.616000 2023-10-30T15:59:58.328125
280 2.210625 0.616375 2023-10-30T16:00:04.843750
280 2.210000 0.616125 2023-10-30T16:00:04.843750
280 2.209875 0.616125 2023-10-30T16:00:04.843750
280 2.210625 0.615875 2023-10-30T16:00:04.843750
280 2.211500 0.616000 2023-10-30T16:00:04.843750
280 2.211000 0.616000 2023-10-30T16:00:04.843750
280 2.210750 0.616125 2023-10-30T16:00:04.843750
280 2.210125 0.616000 2023-10-30T16:00:04.843750
280 2.210250 0.615875 2023-10-30T16:00:04.843750
280 2.210250 0.615875 2023-10-30T16:00:04.843750
280 2.211125 0.615750 2023-10-30T16:00:04.843750
280 2.211250 0.616125 2023-10-30T16:00:04.843750
280 2.210500 0.616000 2023-10-30T16:00:04.843750
280 2.210375 0.616000 2023-10-30T16:00:04.843750
280 2.209625 0.616125 2023-10-30T16:00:04.843750
280 2.210250 0.615750 2023-10-30T16:00:04.843750
280 2.210625 0.615750 2023-10-30T16:00:04.859375
280 2.210875 0.615750 2023-10-30T16:00:04.859375
280 2.210500 0.615875 2023-10-30T16:00:04.859375
280 2.210125 0.615875 2023-10-30T16:00:04.859375
280 2.209250 0.615625 2023-10-30T16:00:04.859375
280 2.209250 0.615500 2023-10-30T16:00:04.859375
280 2.210000 0.615375 2023-10-30T16:00:04.859375
280 2.209750 0.615375 2023-10-30T16:00:04.859375
280 2.209625 0.615375 2023-10-30T16:00:04.859375
280 2.209750 0.615625 2023-10-30T16:00:04.859375
280 2.208750 0.615375 2023-10-30T16:00:04.859375
280 2.208375 0.615250 2023-10-30T16:00:04.859375
280 2.209125 0.615250 2023-10-30T16:00:04.859375
280 2.209750 0.615250 2023-10-30T16:00:04.859375
280 2.210375 0.615250 2023-10-30T16:00:04.859375
280 2.210125 0.615375 2023-10-30T16:00:04.859375
280 2.209625 0.615250 2023-10-30T16:00:04.859375
280 2.209000 0.615000 2023-10-30T16:00:04.859375
280 2.209125 0.615000 2023-10-30T16:00:04.859375
280 2.209125 0.614750 2023-10-30T16:00:04.859375
280 2.209375 0.614500 2023-10-30T16:00:04.859375
280 2.209000 0.614750 2023-10-30T16:00:04.859375
280 2.208875 0.614750 2023-10-30T16:00:04.859375
280 2.207500 0.614625 2023-10-30T16:00:04.859375
280 2.207625 0.614375 2023-10-30T16:00:04.859375
280 2.208000 0.613875 2023-10-30T16:00:04.859375
280 2.208250 0.614125 2023-10-30T16:00:04.859375
280 2.207750 0.613875 2023-10-30T16:00:04.859375
280 2.207500 0.614125 2023-10-30T16:00:04.859375
280 2.206750 0.613750 2023-10-30T16:00:04.875000
280 2.205875 0.613625 2023-10-30T16:00:04.875000
280 1.947625 0.522625 2023-10-30T16:00:04.875000
280 1.947875 0.522875 2023-10-30T16:00:04.875000
300 1.948000 0.523000 2023-10-30T16:00:11.390625
300 1.947875 0.523125 2023-10-30T16:00:11.390625
300 1.947125 0.522875 2023-10-30T16:00:11.390625
300 1.947500 0.522875 2023-10-30T16:00:11.390625
300 1.948000 0.522625 2023-10-30T16:00:11.390625
300 1.948750 0.522500 2023-10-30T16:00:11.390625
300 1.948375 0.522875 2023-10-30T16:00:11.390625
300 1.949000 0.522875 2023-10-30T16:00:11.390625
300 1.948125 0.522750 2023-10-30T16:00:11.390625
300 1.947875 0.522500 2023-10-30T16:00:11.390625
300 1.948250 0.522625 2023-10-30T16:00:11.390625
300 1.948625 0.522375 2023-10-30T16:00:11.390625
300 1.948250 0.522375 2023-10-30T16:00:11.390625
300 1.947625 0.522500 2023-10-30T16:00:11.390625
300 1.946875 0.522375 2023-10-30T16:00:11.390625
300 1.945750 0.522000 2023-10-30T16:00:11.390625
300 1.946125 0.521875 2023-10-30T16:00:11.390625
300 1.946000 0.521250 2023-10-30T16:00:11.390625
300 1.945875 0.521375 2023-10-30T16:00:11.390625
300 1.944875 0.521500 2023-10-30T16:00:11.390625
300 1.944000 0.521250 2023-10-30T16:00:11.406250
300 1.942625 0.521000 2023-10-30T16:00:11.406250
300 1.941875 0.520750 2023-10-30T16:00:11.406250
300 1.941500 0.520000 2023-10-30T16:00:11.406250
300 1.941250 0.519750 2023-10-30T16:00:11.406250
300 1.939625 0.519625 2023-10-30T16:00:11.406250
300 1.938750 0.519625 2023-10-30T16:00:11.406250
300 1.937000 0.519000 2023-10-30T16:00:11.406250
300 1.935750 0.518750 2023-10-30T16:00:11.406250
300 1.935500 0.518000 2023-10-30T16:00:11.406250
300 1.934625 0.517625 2023-10-30T16:00:11.406250
300 1.932625 0.517375 2023-10-30T16:00:11.406250
300 1.931250 0.517000 2023-10-30T16:00:11.406250
300 1.929625 0.516375 2023-10-30T16:00:11.406250
300 1.927875 0.515875 2023-10-30T16:00:11.406250
300 1.926375 0.515500 2023-10-30T16:00:11.406250
300 1.925750 0.514875 2023-10-30T16:00:11.406250
300 1.924125 0.514375 2023-10-30T16:00:11.406250
300 1.922500 0.514000 2023-10-30T16:00:11.406250
300 1.920750 0.513625 2023-10-30T16:00:11.406250
300 1.918250 0.512500 2023-10-30T16:00:11.406250
300 1.917500 0.512250 2023-10-30T16:00:11.406250
300 1.916250 0.511500 2023-10-30T16:00:11.406250
300 1.915125 0.511000 2023-10-30T16:00:11.406250
300 1.912875 0.510750 2023-10-30T16:00:11.406250
300 1.911500 0.510375 2023-10-30T16:00:11.406250
300 1.328750 0.327875 2023-10-30T16:00:11.421875
300 1.329250 0.327750 2023-10-30T16:00:11.421875
300 1.329125 0.328000 2023-10-30T16:00:11.421875
320 1.329250 0.328125 2023-10-30T16:00:17.937500
320 1.328750 0.328125 2023-10-30T16:00:17.937500
320 1.328000 0.327875 2023-10-30T16:00:17.937500
320 1.328500 0.327750 2023-10-30T16:00:17.937500
320 1.329000 0.327625 2023-10-30T16:00:17.937500
320 1.329125 0.327875 2023-10-30T16:00:17.937500
320 1.328750 0.327875 2023-10-30T16:00:17.937500
320 1.328500 0.328125 2023-10-30T16:00:17.937500
320 1.327625 0.327625 2023-10-30T16:00:17.937500
320 1.327375 0.327875 2023-10-30T16:00:17.937500
320 1.327625 0.327375 2023-10-30T16:00:17.937500
320 1.327625 0.327125 2023-10-30T16:00:17.937500
320 1.326750 0.327125 2023-10-30T16:00:17.937500
320 1.325875 0.327250 2023-10-30T16:00:17.937500
320 1.324625 0.326750 2023-10-30T16:00:17.937500
320 1.323500 0.326500 2023-10-30T16:00:17.937500
320 1.323250 0.326000 2023-10-30T16:00:17.937500
320 1.322625 0.326000 2023-10-30T16:00:17.937500
320 1.321500 0.325750 2023-10-30T16:00:17.937500
320 1.320250 0.325375 2023-10-30T16:00:17.937500
320 1.318500 0.325125 2023-10-30T16:00:17.937500
320 1.316625 0.324625 2023-10-30T16:00:17.937500
320 1.316000 0.323875 2023-10-30T16:00:17.953125
320 1.315250 0.323625 2023-10-30T16:00:17.953125
320 1.314000 0.323125 2023-10-30T16:00:17.953125
320 1.311750 0.322875 2023-10-30T16:00:17.953125
320 1.309875 0.322500 2023-10-30T16:00:17.953125
320 1.307625 0.321750 2023-10-30T16:00:17.953125
320 1.305750 0.321250 2023-10-30T16:00:17.953125
320 1.304500 0.320250 2023-10-30T16:00:17.953125
320 1.302500 0.319750 2023-10-30T16:00:17.953125
320 1.300125 0.319250 2023-10-30T16:00:17.953125
320 1.297875 0.318750 2023-10-30T16:00:17.953125
320 1.293625 0.317750 2023-10-30T16:00:17.953125
320 1.292375 0.317250 2023-10-30T16:00:17.953125
320 1.290500 0.316250 2023-10-30T16:00:17.953125
320 1.288625 0.315375 2023-10-30T16:00:17.953125
320 1.285875 0.315000 2023-10-30T16:00:17.953125
320 1.283500 0.314375 2023-10-30T16:00:17.953125
320 1.279875 0.313375 2023-10-30T16:00:17.953125
320 1.277500 0.312625 2023-10-30T16:00:17.953125
320 1.275375 0.312000 2023-10-30T16:00:17.953125
320 1.273375 0.311000 2023-10-30T16:00:17.953125
320 1.271125 0.310625 2023-10-30T16:00:17.953125
320 1.268500 0.309875 2023-10-30T16:00:17.953125
320 1.265500 0.309500 2023-10-30T16:00:17.953125
320 0.585500 0.124875 2023-10-30T16:00:17.953125
320 0.586125 0.125125 2023-10-30T16:00:17.953125
320 0.586375 0.125125 2023-10-30T16:00:17.953125
320 0.586375 0.125250 2023-10-30T16:00:17.953125
340 0.586125 0.125250 2023-10-30T16:00:24.484375
340 0.585000 0.125125 2023-10-30T16:00:24.484375
340 0.585750 0.125000 2023-10-30T16:00:24.484375
340 0.585750 0.124625 2023-10-30T16:00:24.484375
340 0.586625 0.124875 2023-10-30T16:00:24.484375
340 0.586000 0.125000 2023-10-30T16:00:24.484375
340 0.586000 0.125125 2023-10-30T16:00:24.484375
340 0.584875 0.124875 2023-10-30T16:00:24.484375
340 0.584750 0.124875 2023-10-30T16:00:24.484375
340 0.585000 0.124875 2023-10-30T16:00:24.484375
340 0.585125 0.124625 2023-10-30T16:00:24.484375
340 0.584500 0.124625 2023-10-30T16:00:24.484375
340 0.583375 0.124750 2023-10-30T16:00:24.484375
340 0.582500 0.124375 2023-10-30T16:00:24.484375
340 0.581375 0.123875 2023-10-30T16:00:24.484375
340 0.580875 0.123625 2023-10-30T16:00:24.484375
340 0.581000 0.123375 2023-10-30T16:00:24.484375
340 0.580125 0.123375 2023-10-30T16:00:24.484375
340 0.578875 0.123000 2023-10-30T16:00:24.484375
340 0.577375 0.122875 2023-10-30T16:00:24.484375
340 0.575375 0.122625 2023-10-30T16:00:24.484375
340 0.574875 0.122125 2023-10-30T16:00:24.484375
340 0.573750 0.121500 2023-10-30T16:00:24.484375
340 0.572500 0.121250 2023-10-30T16:00:24.484375
340 0.570750 0.120875 2023-10-30T16:00:24.484375
340 0.569000 0.120750 2023-10-30T16:00:24.484375
340 0.566500 0.120125 2023-10-30T16:00:24.484375
340 0.565000 0.119875 2023-10-30T16:00:24.484375
340 0.563625 0.119000 2023-10-30T16:00:24.500000
340 0.562375 0.118625 2023-10-30T16:00:24.500000
340 0.560125 0.118250 2023-10-30T16:00:24.500000
340 0.558000 0.117750 2023-10-30T16:00:24.500000
340 0.555125 0.117250 2023-10-30T16:00:24.500000
340 0.552500 0.116750 2023-10-30T16:00:24.500000
340 0.550625 0.115750 2023-10-30T16:00:24.500000
340 0.549125 0.115250 2023-10-30T16:00:24.500000
340 0.546625 0.114750 2023-10-30T16:00:24.500000
340 0.544250 0.114250 2023-10-30T16:00:24.500000
340 0.541250 0.113875 2023-10-30T16:00:24.500000
340 0.538750 0.113000 2023-10-30T16:00:24.500000
340 0.536875 0.112625 2023-10-30T16:00:24.500000
340 0.534875 0.111750 2023-10-30T16:00:24.500000
340 0.533125 0.111250 2023-10-30T16:00:24.500000
340 0.530875 0.110875 2023-10-30T16:00:24.500000
340 0.528125 0.110500 2023-10-30T16:00:24.500000
340 0.524875 0.109875 2023-10-30T16:00:24.500000
340 0.072750 0.007750 2023-10-30T16:00:24.500000
340 0.073250 0.008000 2023-10-30T16:00:24.500000
340 0.072750 0.008125 2023-10-30T16:00:24.500000
340 0.072500 0.008250 2023-10-30T16:00:24.500000
0 0.071875 0.008000 2023-10-30T16:01:51.015625
0 0.072250 0.007875 2023-10-30T16:01:51.015625
0 0.072250 0.007750 2023-10-30T16:01:51.015625
0 0.073125 0.008000 2023-10-30T16:01:51.015625
0 0.072750 0.008000 2023-10-30T16:01:51.015625
0 0.072750 0.007875 2023-10-30T16:01:51.015625
0 0.072375 0.007875 2023-10-30T16:01:51.031250
0 0.071750 0.008000 2023-10-30T16:01:51.031250
0 0.071875 0.007875 2023-10-30T16:01:51.031250
0 0.072500 0.007750 2023-10-30T16:01:51.031250
0 0.072250 0.007875 2023-10-30T16:01:51.031250
0 0.071750 0.008000 2023-10-30T16:01:51.031250
0 0.071125 0.008000 2023-10-30T16:01:51.031250
0 0.070250 0.007625 2023-10-30T16:01:51.031250
0 0.070500 0.007625 2023-10-30T16:01:51.031250
0 0.070250 0.007000 2023-10-30T16:01:51.031250
0 0.070375 0.007375 2023-10-30T16:01:51.031250
0 0.069750 0.007375 2023-10-30T16:01:51.031250
0 0.069250 0.007375 2023-10-30T16:01:51.031250
0 0.067750 0.007000 2023-10-30T16:01:51.031250
0 0.068125 0.007000 2023-10-30T16:01:51.031250
0 0.067625 0.006750 2023-10-30T16:01:51.031250
0 0.067625 0.006750 2023-10-30T16:01:51.031250
0 0.066750 0.006750 2023-10-30T16:01:51.031250
0 0.065875 0.006750 2023-10-30T16:01:51.031250
0 0.064625 0.006500 2023-10-30T16:01:51.031250
0 0.064125 0.006375 2023-10-30T16:01:51.031250
0 0.063750 0.006250 2023-10-30T16:01:51.031250
0 0.063500 0.006000 2023-10-30T16:01:51.031250
0 0.062500 0.006250 2023-10-30T16:01:51.031250
0 0.062000 0.006125 2023-10-30T16:01:51.031250
0 0.060250 0.005875 2023-10-30T16:01:51.031250
0 0.059375 0.005750 2023-10-30T16:01:51.031250
0 0.059250 0.005375 2023-10-30T16:01:51.031250
0 0.058625 0.005250 2023-10-30T16:01:51.031250
0 0.057625 0.005250 2023-10-30T16:01:51.046875
0 0.056750 0.005125 2023-10-30T16:01:51.046875
0 0.055625 0.005125 2023-10-30T16:01:51.046875
0 0.054125 0.004625 2023-10-30T16:01:51.046875
0 0.053625 0.004750 2023-10-30T16:01:51.046875
0 0.053250 0.004250 2023-10-30T16:01:51.046875
0 0.053000 0.004625 2023-10-30T16:01:51.046875
0 0.051875 0.004250 2023-10-30T16:01:51.046875
0 0.050625 0.004375 2023-10-30T16:01:51.046875
0 0.049250 0.004000 2023-10-30T16:01:51.046875
0 0.083375 0.032625 2023-10-30T16:01:51.046875
0 0.084000 0.032500 2023-10-30T16:01:51.046875
0 0.083500 0.032625 2023-10-30T16:01:51.046875
0 0.083500 0.032875 2023-10-30T16:01:51.046875
0 0.082750 0.032875 2023-10-30T16:01:51.046875
20 0.082750 0.032750 2023-10-30T16:01:57.562500
20 0.083125 0.032375 2023-10-30T16:01:57.562500
20 0.083250 0.032250 2023-10-30T16:01:57.562500
20 0.083250 0.032750 2023-10-30T16:01:57.562500
20 0.083250 0.032625 2023-10-30T16:01:57.562500
20 0.082750 0.032875 2023-10-30T16:01:57.562500
20 0.082625 0.032500 2023-10-30T16:01:57.562500
20 0.083250 0.032500 2023-10-30T16:01:57.562500
20 0.083875 0.032625 2023-10-30T16:01:57.562500
20 0.084250 0.032750 2023-10-30T16:01:57.562500
20 0.084125 0.033000 2023-10-30T16:01:57.562500
20 0.084125 0.033000 2023-10-30T16:01:57.578125
20 0.083375 0.033000 2023-10-30T16:01:57.578125
20 0.084375 0.033250 2023-10-30T16:01:57.578125
20 0.085000 0.033000 2023-10-30T16:01:57.578125
20 0.085750 0.033375 2023-10-30T16:01:57.578125
20 0.086000 0.033500 2023-10-30T16:01:57.578125
20 0.086500 0.033750 2023-10-30T16:01:57.578125
20 0.086500 0.034000 2023-10-30T16:01:57.578125
20 0.087250 0.034125 2023-10-30T16:01:57.578125
20 0.087750 0.033875 2023-10-30T16:01:57.578125
20 0.089000 0.034375 2023-10-30T16:01:57.578125
20 0.089625 0.034625 2023-10-30T16:01:57.578125
20 0.090000 0.035000 2023-10-30T16:01:57.578125
20 0.090000 0.035250 2023-10-30T16:01:57.578125
20 0.090750 0.035250 2023-10-30T16:01:57.578125
20 0.092000 0.035250 2023-10-30T16:01:57.578125
20 0.093375 0.035625 2023-10-30T16:01:57.578125
20 0.094500 0.036125 2023-10-30T16:01:57.578125
20 0.094750 0.036500 2023-10-30T16:01:57.578125
20 0.095500 0.036625 2023-10-30T16:01:57.578125
20 0.096250 0.037125 2023-10-30T16:01:57.578125
20 0.097500 0.037125 2023-10-30T16:01:57.578125
20 0.099250 0.037375 2023-10-30T16:01:57.578125
20 0.100625 0.038000 2023-10-30T16:01:57.578125
20 0.101500 0.038500 2023-10-30T16:01:57.578125
20 0.102125 0.038875 2023-10-30T16:01:57.578125
20 0.102750 0.039250 2023-10-30T16:01:57.578125
20 0.104250 0.039500 2023-10-30T16:01:57.578125
20 0.105875 0.039750 2023-10-30T16:01:57.578125
20 0.107625 0.040250 2023-10-30T16:01:57.593750
20 0.108250 0.040625 2023-10-30T16:01:57.593750
20 0.109500 0.041125 2023-10-30T16:01:57.593750
20 0.109625 0.041375 2023-10-30T16:01:57.593750
20 0.111125 0.041625 2023-10-30T16:01:57.593750
20 0.635250 0.188875 2023-10-30T16:01:57.593750
20 0.635125 0.189125 2023-10-30T16:01:57.593750
20 0.635125 0.189125 2023-10-30T16:01:57.593750
20 0.634000 0.189000 2023-10-30T16:01:57.593750
20 0.634250 0.188875 2023-10-30T16:01:57.593750
40 0.634750 0.188750 2023-10-30T16:02:04.109375
40 0.635375 0.188750 2023-10-30T16:02:04.109375
40 0.635250 0.188875 2023-10-30T16:02:04.109375
40 0.634750 0.189000 2023-10-30T16:02:04.109375
40 0.634125 0.189000 2023-10-30T16:02:04.109375
40 0.634250 0.189000 2023-10-30T16:02:04.109375
40 0.635250 0.189000 2023-10-30T16:02:04.109375
40 0.636250 0.189125 2023-10-30T16:02:04.109375
40 0.636375 0.189500 2023-10-30T16:02:04.109375
40 0.636750 0.189750 2023-10-30T16:02:04.109375
40 0.637125 0.189750 2023-10-30T16:02:04.109375
40 0.636875 0.189750 2023-10-30T16:02:04.109375
40 0.638375 0.190125 2023-10-30T16:02:04.109375
40 0.639875 0.190125 2023-10-30T16:02:04.109375
40 0.640750 0.190500 2023-10-30T16:02:04.109375
40 0.641500 0.190875 2023-10-30T16:02:04.109375
40 0.642750 0.191250 2023-10-30T16:02:04.109375
40 0.643000 0.191750 2023-10-30T16:02:04.125000
40 0.644625 0.191625 2023-10-30T16:02:04.125000
40 0.646375 0.191875 2023-10-30T16:02:04.125000
40 0.648500 0.192500 2023-10-30T16:02:04.125000
40 0.649375 0.192750 2023-10-30T16:02:04.125000
40 0.650875 0.193375 2023-10-30T16:02:04.125000
40 0.651625 0.193875 2023-10-30T16:02:04.125000
40 0.653750 0.194250 2023-10-30T16:02:04.125000
40 0.656000 0.194625 2023-10-30T16:02:04.125000
40 0.658375 0.195000 2023-10-30T16:02:04.125000
40 0.660250 0.195875 2023-10-30T16:02:04.125000
40 0.662375 0.196625 2023-10-30T16:02:04.125000
40 0.663750 0.197000 2023-10-30T16:02:04.125000
40 0.665875 0.197500 2023-10-30T16:02:04.125000
40 0.668875 0.198125 2023-10-30T16:02:04.125000
40 0.672000 0.198625 2023-10-30T16:02:04.125000
40 0.674000 0.199500 2023-10-30T16:02:04.125000
40 0.676625 0.200375 2023-10-30T16:02:04.125000
40 0.678500 0.200875 2023-10-30T16:02:04.125000
40 0.681000 0.201375 2023-10-30T16:02:04.125000
40 0.683875 0.202000 2023-10-30T16:02:04.125000
40 0.686750 0.202500 2023-10-30T16:02:04.125000
40 0.689375 0.203375 2023-10-30T16:02:04.125000
40 0.691875 0.204125 2023-10-30T16:02:04.125000
40 0.694250 0.205000 2023-10-30T16:02:04.125000
40 0.695875 0.205375 2023-10-30T16:02:04.125000
40 0.698750 0.206000 2023-10-30T16:02:04.125000
40 0.702125 0.206500 2023-10-30T16:02:04.125000
40 1.431375 0.400625 2023-10-30T16:02:04.140625
40 1.431875 0.401000 2023-10-30T16:02:04.140625
40 1.430875 0.400750 2023-10-30T16:02:04.140625
40 1.430875 0.400625 2023-10-30T16:02:04.140625
40 1.431250 0.400625 2023-10-30T16:02:04.140625
60 1.431750 0.400375 2023-10-30T16:02:10.656250
60 1.431875 0.400500 2023-10-30T16:02:10.656250
60 1.431875 0.400625 2023-10-30T16:02:10.656250
60 1.431375 0.400500 2023-10-30T16:02:10.656250
60 1.430875 0.400500 2023-10-30T16:02:10.656250
60 1.431750 0.400625 2023-10-30T16:02:10.656250
60 1.432625 0.400750 2023-10-30T16:02:10.656250
60 1.433250 0.401000 2023-10-30T16:02:10.656250
60 1.433500 0.401125 2023-10-30T16:02:10.656250
60 1.432125 0.399500 2023-10-30T16:02:10.656250
60 1.428250 0.401125 2023-10-30T16:02:10.656250
60 1.435625 0.401875 2023-10-30T16:02:10.656250
60 1.436625 0.401875 2023-10-30T16:02:10.656250
60 1.438125 0.402125 2023-10-30T16:02:10.656250
60 1.438500 0.402500 2023-10-30T16:02:10.656250
60 1.439875 0.403000 2023-10-30T16:02:10.656250
60 1.440375 0.403250 2023-10-30T16:02:10.656250
60 1.441875 0.403500 2023-10-30T16:02:10.656250
60 1.443625 0.403875 2023-10-30T16:02:10.656250
60 1.445500 0.404250 2023-10-30T16:02:10.656250
60 1.446750 0.404750 2023-10-30T16:02:10.656250
60 1.448375 0.405250 2023-10-30T16:02:10.656250
60 1.449875 0.405750 2023-10-30T16:02:10.671875
60 1.451375 0.406250 2023-10-30T16:02:10.671875
60 1.453875 0.406750 2023-10-30T16:02:10.671875
60 1.456625 0.407000 2023-10-30T16:02:10.671875
60 1.458750 0.407875 2023-10-30T16:02:10.671875
60 1.460875 0.408625 2023-10-30T16:02:10.671875
60 1.462375 0.409125 2023-10-30T16:02:10.671875
60 1.464250 0.409875 2023-10-30T16:02:10.671875
60 1.467250 0.410375 2023-10-30T16:02:10.671875
60 1.470125 0.410750 2023-10-30T16:02:10.671875
60 1.473250 0.411750 2023-10-30T16:02:10.671875
60 1.475375 0.412500 2023-10-30T16:02:10.671875
60 1.478125 0.413375 2023-10-30T16:02:10.671875
60 1.480000 0.413875 2023-10-30T16:02:10.671875
60 1.483125 0.414500 2023-10-30T16:02:10.671875
60 1.486125 0.415000 2023-10-30T16:02:10.671875
60 1.489125 0.415875 2023-10-30T16:02:10.671875
60 1.491375 0.416625 2023-10-30T16:02:10.671875
60 1.493875 0.417375 2023-10-30T16:02:10.671875
60 1.496000 0.418125 2023-10-30T16:02:10.671875
60 1.498125 0.418625 2023-10-30T16:02:10.671875
60 1.501500 0.419125 2023-10-30T16:02:10.671875
60 2.081375 0.571500 2023-10-30T16:02:10.671875
60 2.081375 0.571625 2023-10-30T16:02:10.671875
60 2.081375 0.571625 2023-10-30T16:02:10.671875
60 2.080875 0.571625 2023-10-30T16:02:10.671875
60 2.080250 0.571625 2023-10-30T16:02:10.671875
60 2.081000 0.571375 2023-10-30T16:02:10.671875
80 2.081625 0.571250 2023-10-30T16:02:17.203125
80 2.081500 0.571375 2023-10-30T16:02:17.203125
80 2.081375 0.571750 2023-10-30T16:02:17.203125
80 2.081000 0.571625 2023-10-30T16:02:17.203125
80 2.080375 0.571375 2023-10-30T16:02:17.203125
80 2.081375 0.571500 2023-10-30T16:02:17.203125
80 2.082250 0.571500 2023-10-30T16:02:17.203125
80 2.082750 0.571875 2023-10-30T16:02:17.203125
80 2.083000 0.572000 2023-10-30T16:02:17.203125
80 2.083250 0.572250 2023-10-30T16:02:17.203125
80 2.082625 0.572125 2023-10-30T16:02:17.203125
80 2.083375 0.572250 2023-10-30T16:02:17.203125
80 2.084375 0.572250 2023-10-30T16:02:17.203125
80 2.085500 0.572250 2023-10-30T16:02:17.203125
80 2.085500 0.572875 2023-10-30T16:02:17.203125
80 2.086875 0.572875 2023-10-30T16:02:17.203125
80 2.086875 0.573125 2023-10-30T16:02:17.203125
80 2.087875 0.573500 2023-10-30T16:02:17.203125
80 2.088750 0.573500 2023-10-30T16:02:17.203125
80 2.090500 0.573750 2023-10-30T16:02:17.203125
80 2.090875 0.574000 2023-10-30T16:02:17.203125
80 2.091750 0.574375 2023-10-30T16:02:17.203125
80 2.092375 0.574625 2023-10-30T16:02:17.203125
80 2.093250 0.575000 2023-10-30T16:02:17.203125
80 2.094875 0.575125 2023-10-30T16:02:17.203125
80 2.096125 0.575250 2023-10-30T16:02:17.203125
80 2.097625 0.575750 2023-10-30T16:02:17.203125
80 2.099500 0.576500 2023-10-30T16:02:17.203125
80 2.100125 0.576875 2023-10-30T16:02:17.218750
80 2.101125 0.576750 2023-10-30T16:02:17.218750
80 2.102500 0.577250 2023-10-30T16:02:17.218750
80 2.104625 0.577375 2023-10-30T16:02:17.218750
80 2.106625 0.577875 2023-10-30T16:02:17.218750
80 2.107750 0.578375 2023-10-30T16:02:17.218750
80 2.109375 0.579250 2023-10-30T16:02:17.218750
80 2.109500 0.579250 2023-10-30T16:02:17.218750
80 2.111500 0.579625 2023-10-30T16:02:17.218750
80 2.113625 0.579875 2023-10-30T16:02:17.218750
80 2.115375 0.579875 2023-10-30T16:02:17.218750
80 2.116625 0.580500 2023-10-30T16:02:17.218750
80 2.117875 0.581125 2023-10-30T16:02:17.218750
80 2.118375 0.581250 2023-10-30T16:02:17.218750
80 2.119750 0.581500 2023-10-30T16:02:17.218750
80 2.121750 0.581875 2023-10-30T16:02:17.218750
80 2.293000 0.620375 2023-10-30T16:02:17.218750
80 2.293625 0.620500 2023-10-30T16:02:17.218750
80 2.293000 0.620750 2023-10-30T16:02:17.218750
80 2.292750 0.620625 2023-10-30T16:02:17.218750
80 2.292000 0.620625 2023-10-30T16:02:17.218750
100 2.291875 0.620500 2023-10-30T16:02:23.734375
100 2.293000 0.620375 2023-10-30T16:02:23.734375
100 2.293625 0.620500 2023-10-30T16:02:23.734375
100 2.293000 0.620750 2023-10-30T16:02:23.734375
100 2.292750 0.620625 2023-10-30T16:02:23.750000
100 2.292000 0.620625 2023-10-30T16:02:23.750000
100 2.291875 0.620500 2023-10-30T16:02:23.750000
100 2.293000 0.620375 2023-10-30T16:02:23.750000
100 2.293625 0.620500 2023-10-30T16:02:23.750000
100 2.293000 0.620750 2023-10-30T16:02:23.750000
100 2.293125 0.620625 2023-10-30T16:02:23.750000
100 2.292500 0.620625 2023-10-30T16:02:23.750000
100 2.292500 0.620625 2023-10-30T16:02:23.750000
100 2.293125 0.620250 2023-10-30T16:02:23.750000
100 2.293750 0.620375 2023-10-30T16:02:23.750000
100 2.293250 0.620500 2023-10-30T16:02:23.750000
100 2.293375 0.620500 2023-10-30T16:02:23.750000
100 2.292750 0.620625 2023-10-30T16:02:23.750000
100 2.292125 0.620500 2023-10-30T16:02:23.750000
100 2.293250 0.620250 2023-10-30T16:02:23.750000
100 2.293375 0.620375 2023-10-30T16:02:23.750000
100 2.293875 0.620375 2023-10-30T16:02:23.750000
100 2.293625 0.620500 2023-10-30T16:02:23.750000
100 2.293375 0.620500 2023-10-30T16:02:23.750000
100 2.292250 0.620375 2023-10-30T16:02:23.750000
100 2.293125 0.620375 2023-10-30T16:02:23.750000
100 2.293875 0.620125 2023-10-30T16:02:23.750000
100 2.293750 0.620125 2023-10-30T16:02:23.750000
100 2.293375 0.620500 2023-10-30T16:02:23.750000
100 2.293750 0.620250 2023-10-30T16:02:23.750000
100 2.292250 0.620250 2023-10-30T16:02:23.750000
100 2.292625 0.620125 2023-10-30T16:02:23.750000
100 2.293000 0.619625 2023-10-30T16:02:23.765625
100 2.293750 0.619875 2023-10-30T16:02:23.765625
100 2.293000 0.619750 2023-10-30T16:02:23.765625
100 2.293125 0.620000 2023-10-30T16:02:23.765625
100 2.292500 0.619750 2023-10-30T16:02:23.765625
100 2.291750 0.619750 2023-10-30T16:02:23.765625
100 2.292000 0.619625 2023-10-30T16:02:23.765625
100 2.293125 0.619125 2023-10-30T16:02:23.765625
100 2.292625 0.619125 2023-10-30T16:02:23.765625
100 2.292625 0.619250 2023-10-30T16:02:23.765625
100 2.292125 0.619250 2023-10-30T16:02:23.765625
100 2.021125 0.526875 2023-10-30T16:02:23.765625
100 2.021750 0.526875 2023-10-30T16:02:23.765625
100 2.022250 0.526500 2023-10-30T16:02:23.765625
100 2.022750 0.526625 2023-10-30T16:02:23.765625
100 2.022125 0.526750 2023-10-30T16:02:23.765625
100 2.022125 0.526750 2023-10-30T16:02:23.765625
120 2.020875 0.526625 2023-10-30T16:02:30.281250
120 2.021125 0.526375 2023-10-30T16:02:30.281250
120 2.021625 0.526500 2023-10-30T16:02:30.281250
120 2.021750 0.526375 2023-10-30T16:02:30.281250
120 2.021250 0.526375 2023-10-30T16:02:30.281250
120 2.020875 0.526250 2023-10-30T16:02:30.281250
120 2.019875 0.526125 2023-10-30T16:02:30.281250
120 2.019000 0.525750 2023-10-30T16:02:30.296875
120 2.018750 0.525500 2023-10-30T16:02:30.296875
120 2.019000 0.525250 2023-10-30T16:02:30.296875
120 2.018125 0.525000 2023-10-30T16:02:30.296875
120 2.017500 0.525000 2023-10-30T16:02:30.296875
120 2.016125 0.524875 2023-10-30T16:02:30.296875
120 2.015000 0.524625 2023-10-30T16:02:30.296875
120 2.014250 0.524250 2023-10-30T16:02:30.296875
120 2.013625 0.523500 2023-10-30T16:02:30.296875
120 2.013500 0.523250 2023-10-30T16:02:30.296875
120 2.011875 0.523250 2023-10-30T16:02:30.296875
120 2.010375 0.523000 2023-10-30T16:02:30.296875
120 2.008000 0.522500 2023-10-30T16:02:30.296875
120 2.007125 0.521875 2023-10-30T16:02:30.296875
120 2.006500 0.521500 2023-10-30T16:02:30.296875
120 2.005750 0.521250 2023-10-30T16:02:30.296875
120 2.003500 0.520750 2023-10-30T16:02:30.296875
120 2.002250 0.520500 2023-10-30T16:02:30.296875
120 2.000250 0.519750 2023-10-30T16:02:30.296875
120 1.998125 0.519000 2023-10-30T16:02:30.296875
120 1.997000 0.518750 2023-10-30T16:02:30.296875
120 1.995750 0.517875 2023-10-30T16:02:30.296875
120 1.994000 0.517500 2023-10-30T16:02:30.296875
120 1.992000 0.517000 2023-10-30T16:02:30.296875
120 1.990000 0.516750 2023-10-30T16:02:30.296875
120 1.987625 0.516000 2023-10-30T16:02:30.296875
120 1.986500 0.515250 2023-10-30T16:02:30.296875
120 1.985000 0.514625 2023-10-30T16:02:30.296875
120 1.983500 0.514250 2023-10-30T16:02:30.296875
120 1.981750 0.513875 2023-10-30T16:02:30.312500
120 1.979625 0.513250 2023-10-30T16:02:30.312500
120 1.976625 0.512625 2023-10-30T16:02:30.312500
120 1.975625 0.511875 2023-10-30T16:02:30.312500
120 1.974125 0.511500 2023-10-30T16:02:30.312500
120 1.972625 0.511000 2023-10-30T16:02:30.312500
120 1.970500 0.510500 2023-10-30T16:02:30.312500
120 1.364625 0.3 2023-10-30T16:02:30.312500
120 1.364500 0.330750 2023-10-30T16:02:30.312500
120 1.364625 0.330875 2023-10-30T16:02:30.312500
120 1.363750 0.331000 2023-10-30T16:02:30.312500
120 1.363500 0.330750 2023-10-30T16:02:30.312500
120 1.363750 0.330875 2023-10-30T16:02:30.312500
140 1.364125 0.330625 2023-10-30T16:02:36.828125
140 1.364625 0.330750 2023-10-30T16:02:36.828125
140 1.364625 0.330875 2023-10-30T16:02:36.828125
140 1.363750 0.331000 2023-10-30T16:02:36.828125
140 1.363500 0.330750 2023-10-30T16:02:36.828125
140 1.363750 0.330875 2023-10-30T16:02:36.828125
140 1.364125 0.330625 2023-10-30T16:02:36.828125
140 1.364625 0.330750 2023-10-30T16:02:36.828125
140 1.364125 0.330875 2023-10-30T16:02:36.828125
140 1.364125 0.331000 2023-10-30T16:02:36.828125
140 1.363250 0.330875 2023-10-30T16:02:36.828125
140 1.363500 0.330750 2023-10-30T16:02:36.828125
140 1.364250 0.330625 2023-10-30T16:02:36.843750
140 1.364500 0.330500 2023-10-30T16:02:36.843750
140 1.364125 0.330625 2023-10-30T16:02:36.843750
140 1.363500 0.330375 2023-10-30T16:02:36.843750
140 1.361875 0.330250 2023-10-30T16:02:36.843750
140 1.361625 0.329875 2023-10-30T16:02:36.843750
140 1.361250 0.329625 2023-10-30T16:02:36.843750
140 1.361000 0.329375 2023-10-30T16:02:36.843750
140 1.360375 0.329375 2023-10-30T16:02:36.843750
140 1.359250 0.329250 2023-10-30T16:02:36.843750
140 1.358125 0.328875 2023-10-30T16:02:36.843750
140 1.356375 0.328750 2023-10-30T16:02:36.843750
140 1.355750 0.328250 2023-10-30T16:02:36.843750
140 1.354625 0.327500 2023-10-30T16:02:36.843750
140 1.353625 0.327125 2023-10-30T16:02:36.843750
140 1.351875 0.327000 2023-10-30T16:02:36.843750
140 1.350625 0.326625 2023-10-30T16:02:36.843750
140 1.347875 0.326000 2023-10-30T16:02:36.843750
140 1.346000 0.325375 2023-10-30T16:02:36.843750
140 1.344875 0.324875 2023-10-30T16:02:36.843750
140 1.343500 0.324250 2023-10-30T16:02:36.843750
140 1.341125 0.323875 2023-10-30T16:02:36.843750
140 1.338875 0.323375 2023-10-30T16:02:36.843750
140 1.336125 0.322625 2023-10-30T16:02:36.843750
140 1.333875 0.321625 2023-10-30T16:02:36.843750
140 1.332000 0.321250 2023-10-30T16:02:36.843750
140 1.330625 0.320375 2023-10-30T16:02:36.843750
140 1.328375 0.319750 2023-10-30T16:02:36.843750
140 1.325375 0.319250 2023-10-30T16:02:36.843750
140 1.322125 0.318750 2023-10-30T16:02:36.843750
140 1.319250 0.318000 2023-10-30T16:02:36.859375
140 0.598625 0.125625 2023-10-30T16:02:36.859375
140 0.598750 0.125500 2023-10-30T16:02:36.859375
140 0.599500 0.125375 2023-10-30T16:02:36.859375
140 0.599250 0.125625 2023-10-30T16:02:36.859375
140 0.599250 0.125750 2023-10-30T16:02:36.859375
140 0.598500 0.125750 2023-10-30T16:02:36.859375
160 0.598625 0.125625 2023-10-30T16:02:43.375000
160 0.598750 0.125500 2023-10-30T16:02:43.375000
160 0.599500 0.125375 2023-10-30T16:02:43.375000
160 0.599250 0.125625 2023-10-30T16:02:43.375000
160 0.599250 0.125750 2023-10-30T16:02:43.375000
160 0.598500 0.125750 2023-10-30T16:02:43.375000
160 0.598000 0.125625 2023-10-30T16:02:43.375000
160 0.598375 0.125500 2023-10-30T16:02:43.375000
160 0.599125 0.125500 2023-10-30T16:02:43.375000
160 0.599250 0.125500 2023-10-30T16:02:43.375000
160 0.599125 0.125750 2023-10-30T16:02:43.375000
160 0.599000 0.125750 2023-10-30T16:02:43.375000
160 0.597625 0.125500 2023-10-30T16:02:43.375000
160 0.597750 0.125375 2023-10-30T16:02:43.375000
160 0.597625 0.125125 2023-10-30T16:02:43.375000
160 0.598000 0.125000 2023-10-30T16:02:43.375000
160 0.597125 0.125125 2023-10-30T16:02:43.375000
160 0.596375 0.125000 2023-10-30T16:02:43.375000
160 0.595000 0.124625 2023-10-30T16:02:43.375000
160 0.594125 0.124375 2023-10-30T16:02:43.390625
160 0.593750 0.124000 2023-10-30T16:02:43.390625
160 0.593500 0.123625 2023-10-30T16:02:43.390625
160 0.592250 0.123750 2023-10-30T16:02:43.390625
160 0.591000 0.123625 2023-10-30T16:02:43.390625
160 0.589375 0.123375 2023-10-30T16:02:43.390625
160 0.587750 0.123000 2023-10-30T16:02:43.390625
160 0.587000 0.122625 2023-10-30T16:02:43.390625
160 0.585875 0.122000 2023-10-30T16:02:43.390625
160 0.585000 0.121625 2023-10-30T16:02:43.390625
160 0.582875 0.121375 2023-10-30T16:02:43.390625
160 0.580750 0.121125 2023-10-30T16:02:43.390625
160 0.578750 0.120625 2023-10-30T16:02:43.390625
160 0.577125 0.119750 2023-10-30T16:02:43.390625
160 0.575625 0.119625 2023-10-30T16:02:43.390625
160 0.574500 0.118875 2023-10-30T16:02:43.390625
160 0.571750 0.118875 2023-10-30T16:02:43.390625
160 0.569875 0.118375 2023-10-30T16:02:43.390625
160 0.566750 0.117625 2023-10-30T16:02:43.390625
160 0.564500 0.116750 2023-10-30T16:02:43.390625
160 0.562875 0.116500 2023-10-30T16:02:43.390625
160 0.560750 0.115625 2023-10-30T16:02:43.390625
160 0.558625 0.115250 2023-10-30T16:02:43.390625
160 0.555875 0.114875 2023-10-30T16:02:43.390625
160 0.074375 0.007625 2023-10-30T16:02:43.390625
160 0.075000 0.008000 2023-10-30T16:02:43.390625
160 0.074750 0.008125 2023-10-30T16:02:43.390625
160 0.074625 0.008250 2023-10-30T16:02:43.390625
160 0.073875 0.008000 2023-10-30T16:02:43.406250
160 0.074125 0.008125 2023-10-30T16:02:43.406250
180 0.074375 0.007625 2023-10-30T16:02:49.921875
180 0.075000 0.008000 2023-10-30T16:02:49.921875
180 0.074750 0.008125 2023-10-30T16:02:49.921875
180 0.074625 0.008250 2023-10-30T16:02:49.921875
180 0.073875 0.008000 2023-10-30T16:02:49.921875
180 0.074125 0.008125 2023-10-30T16:02:49.921875
180 0.074125 0.007750 2023-10-30T16:02:49.921875
180 0.074625 0.007625 2023-10-30T16:02:49.921875
180 0.074875 0.008000 2023-10-30T16:02:49.921875
180 0.074625 0.008250 2023-10-30T16:02:49.921875
180 0.074000 0.008125 2023-10-30T16:02:49.921875
180 0.073750 0.007875 2023-10-30T16:02:49.921875
180 0.074125 0.007750 2023-10-30T16:02:49.921875
180 0.074500 0.007625 2023-10-30T16:02:49.921875
180 0.074250 0.007750 2023-10-30T16:02:49.921875
180 0.074000 0.008000 2023-10-30T16:02:49.921875
180 0.073000 0.007875 2023-10-30T16:02:49.921875
180 0.072250 0.007750 2023-10-30T16:02:49.921875
180 0.072750 0.007625 2023-10-30T16:02:49.921875
180 0.072875 0.007625 2023-10-30T16:02:49.921875
180 0.072750 0.007500 2023-10-30T16:02:49.921875
180 0.071875 0.007625 2023-10-30T16:02:49.921875
180 0.071250 0.007500 2023-10-30T16:02:49.921875
180 0.070125 0.007250 2023-10-30T16:02:49.921875
180 0.070000 0.007125 2023-10-30T16:02:49.921875
180 0.069750 0.007125 2023-10-30T16:02:49.937500
180 0.070000 0.007125 2023-10-30T16:02:49.937500
180 0.069000 0.007125 2023-10-30T16:02:49.937500
180 0.068375 0.007000 2023-10-30T16:02:49.937500
180 0.066875 0.006750 2023-10-30T16:02:49.937500
180 0.066625 0.006625 2023-10-30T16:02:49.937500
180 0.066000 0.006375 2023-10-30T16:02:49.937500
180 0.065875 0.006250 2023-10-30T16:02:49.937500
180 0.065000 0.006250 2023-10-30T16:02:49.937500
180 0.064125 0.006250 2023-10-30T16:02:49.937500
180 0.062625 0.005875 2023-10-30T16:02:49.937500
180 0.061875 0.005875 2023-10-30T16:02:49.937500
180 0.061375 0.005625 2023-10-30T16:02:49.937500
180 0.061250 0.005500 2023-10-30T16:02:49.937500
180 0.060000 0.005500 2023-10-30T16:02:49.937500
180 0.059000 0.005375 2023-10-30T16:02:49.937500
180 0.057750 0.005500 2023-10-30T16:02:49.937500
180 0.056625 0.004875 2023-10-30T16:02:49.937500
180 0.084375 0.032875 2023-10-30T16:02:49.937500
180 0.083500 0.032875 2023-10-30T16:02:49.937500
180 0.083875 0.032750 2023-10-30T16:02:49.937500
180 0.084500 0.032500 2023-10-30T16:02:49.937500
180 0.084875 0.032625 2023-10-30T16:02:49.937500
180 0.084500 0.032875 2023-10-30T16:02:49.937500
200 0.084375 0.032875 2023-10-30T16:02:56.468750
200 0.083500 0.032875 2023-10-30T16:02:56.468750
200 0.083875 0.032750 2023-10-30T16:02:56.468750
200 0.084500 0.032500 2023-10-30T16:02:56.468750
200 0.084875 0.032625 2023-10-30T16:02:56.468750
200 0.084500 0.032875 2023-10-30T16:02:56.468750
200 0.084375 0.033000 2023-10-30T16:02:56.468750
200 0.083375 0.032625 2023-10-30T16:02:56.468750
200 0.083375 0.032625 2023-10-30T16:02:56.468750
200 0.084000 0.032375 2023-10-30T16:02:56.468750
200 0.084625 0.032500 2023-10-30T16:02:56.468750
200 0.084750 0.032750 2023-10-30T16:02:56.468750
200 0.084750 0.033000 2023-10-30T16:02:56.468750
200 0.084375 0.033000 2023-10-30T16:02:56.468750
200 0.084250 0.033000 2023-10-30T16:02:56.468750
200 0.085000 0.032875 2023-10-30T16:02:56.468750
200 0.085625 0.032875 2023-10-30T16:02:56.468750
200 0.085750 0.033000 2023-10-30T16:02:56.468750
200 0.086000 0.033375 2023-10-30T16:02:56.468750
200 0.085750 0.033375 2023-10-30T16:02:56.468750
200 0.085875 0.033625 2023-10-30T16:02:56.468750
200 0.086500 0.033500 2023-10-30T16:02:56.468750
200 0.087625 0.033375 2023-10-30T16:02:56.468750
200 0.088375 0.033875 2023-10-30T16:02:56.468750
200 0.088875 0.034125 2023-10-30T16:02:56.468750
200 0.088875 0.034500 2023-10-30T16:02:56.468750
200 0.088625 0.034500 2023-10-30T16:02:56.484375
200 0.089875 0.034500 2023-10-30T16:02:56.484375
200 0.091375 0.034750 2023-10-30T16:02:56.484375
200 0.092375 0.035125 2023-10-30T16:02:56.484375
200 0.092750 0.035375 2023-10-30T16:02:56.484375
200 0.093250 0.035750 2023-10-30T16:02:56.484375
200 0.093250 0.035750 2023-10-30T16:02:56.484375
200 0.094375 0.036000 2023-10-30T16:02:56.484375
200 0.095750 0.036375 2023-10-30T16:02:56.484375
200 0.097500 0.036875 2023-10-30T16:02:56.484375
200 0.098000 0.036875 2023-10-30T16:02:56.484375
200 0.099250 0.037500 2023-10-30T16:02:56.484375
200 0.099375 0.037625 2023-10-30T16:02:56.484375
200 0.100625 0.037875 2023-10-30T16:02:56.484375
200 0.102125 0.038250 2023-10-30T16:02:56.484375
200 0.104125 0.038500 2023-10-30T16:02:56.484375
200 0.105000 0.039000 2023-10-30T16:02:56.484375
200 0.645250 0.188500 2023-10-30T16:02:56.484375
200 0.646125 0.188375 2023-10-30T16:02:56.484375
200 0.646125 0.188625 2023-10-30T16:02:56.484375
200 0.645750 0.188625 2023-10-30T16:02:56.484375
200 0.645500 0.188500 2023-10-30T16:02:56.484375
200 0.645125 0.188375 2023-10-30T16:02:56.484375
220 0.645250 0.188500 2023-10-30T16:03:03
220 0.646125 0.188375 2023-10-30T16:03:03
220 0.646125 0.188625 2023-10-30T16:03:03
220 0.645750 0.188625 2023-10-30T16:03:03.015625
220 0.645500 0.188500 2023-10-30T16:03:03.015625
220 0.645125 0.188375 2023-10-30T16:03:03.015625
220 0.645375 0.188375 2023-10-30T16:03:03.015625
220 0.645500 0.188125 2023-10-30T16:03:03.015625
220 0.646000 0.188375 2023-10-30T16:03:03.015625
220 0.646000 0.188625 2023-10-30T16:03:03.015625
220 0.645625 0.188875 2023-10-30T16:03:03.015625
220 0.644750 0.188625 2023-10-30T16:03:03.015625
220 0.645500 0.188625 2023-10-30T16:03:03.015625
220 0.646500 0.188750 2023-10-30T16:03:03.015625
220 0.647625 0.188750 2023-10-30T16:03:03.015625
220 0.647125 0.189000 2023-10-30T16:03:03.015625
220 0.648250 0.189375 2023-10-30T16:03:03.015625
220 0.648500 0.189375 2023-10-30T16:03:03.015625
220 0.649125 0.189500 2023-10-30T16:03:03.015625
220 0.650625 0.189750 2023-10-30T16:03:03.015625
220 0.651875 0.190125 2023-10-30T16:03:03.015625
220 0.653125 0.190625 2023-10-30T16:03:03.015625
220 0.653875 0.191000 2023-10-30T16:03:03.015625
220 0.654750 0.191125 2023-10-30T16:03:03.015625
220 0.655750 0.191750 2023-10-30T16:03:03.015625
220 0.657250 0.191875 2023-10-30T16:03:03.015625
220 0.659375 0.192000 2023-10-30T16:03:03.015625
220 0.661375 0.192875 2023-10-30T16:03:03.015625
220 0.662750 0.193125 2023-10-30T16:03:03.015625
220 0.664250 0.193625 2023-10-30T16:03:03.015625
220 0.665625 0.194250 2023-10-30T16:03:03.015625
220 0.667750 0.194750 2023-10-30T16:03:03.015625
220 0.670125 0.195250 2023-10-30T16:03:03.031250
220 0.672500 0.195625 2023-10-30T16:03:03.031250
220 0.674625 0.196375 2023-10-30T16:03:03.031250
220 0.676375 0.197125 2023-10-30T16:03:03.031250
220 0.678500 0.197750 2023-10-30T16:03:03.031250
220 0.681250 0.198250 2023-10-30T16:03:03.031250
220 0.684000 0.198875 2023-10-30T16:03:03.031250
220 0.687125 0.199625 2023-10-30T16:03:03.031250
220 0.689375 0.200250 2023-10-30T16:03:03.031250
220 0.691625 0.201250 2023-10-30T16:03:03.031250
220 1.435250 0.403125 2023-10-30T16:03:03.031250
220 1.436000 0.402750 2023-10-30T16:03:03.031250
220 1.436375 0.403000 2023-10-30T16:03:03.031250
220 1.436375 0.403000 2023-10-30T16:03:03.031250
220 1.436625 0.403250 2023-10-30T16:03:03.031250
220 1.435125 0.403250 2023-10-30T16:03:03.031250
220 1.435250 0.403125 2023-10-30T16:03:03.031250
240 1.436000 0.402750 2023-10-30T16:03:09.546875
240 1.436375 0.403000 2023-10-30T16:03:09.546875
240 1.436375 0.403000 2023-10-30T16:03:09.546875
240 1.436625 0.403250 2023-10-30T16:03:09.546875
240 1.435500 0.403000 2023-10-30T16:03:09.546875
240 1.435875 0.402875 2023-10-30T16:03:09.546875
240 1.436000 0.402875 2023-10-30T16:03:09.546875
240 1.436625 0.402875 2023-10-30T16:03:09.562500
240 1.436500 0.403250 2023-10-30T16:03:09.562500
240 1.436500 0.403250 2023-10-30T16:03:09.562500
240 1.435750 0.403125 2023-10-30T16:03:09.562500
240 1.435375 0.403000 2023-10-30T16:03:09.562500
240 1.435000 0.402625 2023-10-30T16:03:09.562500
240 1.435375 0.402375 2023-10-30T16:03:09.562500
240 1.434500 0.402125 2023-10-30T16:03:09.562500
240 1.433625 0.402125 2023-10-30T16:03:09.562500
240 1.432625 0.402125 2023-10-30T16:03:09.562500
240 1.431000 0.401625 2023-10-30T16:03:09.562500
240 1.430125 0.401250 2023-10-30T16:03:09.562500
240 1.429625 0.401000 2023-10-30T16:03:09.562500
240 1.429375 0.400625 2023-10-30T16:03:09.562500
240 1.427375 0.400375 2023-10-30T16:03:09.562500
240 1.426250 0.400125 2023-10-30T16:03:09.562500
240 1.423750 0.399625 2023-10-30T16:03:09.562500
240 1.422750 0.399125 2023-10-30T16:03:09.562500
240 1.421125 0.398500 2023-10-30T16:03:09.562500
240 1.420375 0.398125 2023-10-30T16:03:09.562500
240 1.418375 0.397625 2023-10-30T16:03:09.562500
240 1.416375 0.397500 2023-10-30T16:03:09.562500
240 1.413625 0.397000 2023-10-30T16:03:09.562500
240 1.411750 0.396375 2023-10-30T16:03:09.562500
240 1.409750 0.395625 2023-10-30T16:03:09.562500
240 1.408125 0.395000 2023-10-30T16:03:09.562500
240 1.406125 0.394375 2023-10-30T16:03:09.562500
240 1.403250 0.393750 2023-10-30T16:03:09.562500
240 1.400875 0.393125 2023-10-30T16:03:09.562500
240 1.397000 0.392000 2023-10-30T16:03:09.578125
240 1.395250 0.391750 2023-10-30T16:03:09.578125
240 1.392500 0.390625 2023-10-30T16:03:09.578125
240 1.390750 0.390125 2023-10-30T16:03:09.578125
240 1.387875 0.389625 2023-10-30T16:03:09.578125
240 1.385125 0.389000275 2023-10-30T16:03:09.578125
240 2.126625 0.576625 2023-10-30T16:03:09.578125
240 2.126875 0.576750 2023-10-30T16:03:09.578125
240 2.126625 0.576875 2023-10-30T16:03:09.578125
240 2.126500 0.577000 2023-10-30T16:03:09.578125
240 2.125750 0.577000 2023-10-30T16:03:09.578125
240 2.126000 0.576875 2023-10-30T16:03:09.578125
260 2.126625 0.576625 2023-10-30T16:03:16.093750
260 2.126875 0.576750 2023-10-30T16:03:16.093750
260 2.126625 0.576875 2023-10-30T16:03:16.093750
260 2.126500 0.577000 2023-10-30T16:03:16.093750
260 2.125750 0.577000 2023-10-30T16:03:16.093750
260 2.126000 0.576875 2023-10-30T16:03:16.093750
260 2.126625 0.576750 2023-10-30T16:03:16.093750
260 2.127250 0.576750 2023-10-30T16:03:16.093750
260 2.126625 0.576750 2023-10-30T16:03:16.093750
260 2.126375 0.577000 2023-10-30T16:03:16.093750
260 2.125625 0.576875 2023-10-30T16:03:16.093750
260 2.126000 0.576625 2023-10-30T16:03:16.093750
260 2.126250 0.576500 2023-10-30T16:03:16.093750
260 2.127000 0.576625 2023-10-30T16:03:16.093750
260 2.126750 0.576750 2023-10-30T16:03:16.093750
260 2.127250 0.577000 2023-10-30T16:03:16.109375
260 2.127000 0.577250 2023-10-30T16:03:16.109375
260 2.127000 0.577125 2023-10-30T16:03:16.109375
260 2.127750 0.577125 2023-10-30T16:03:16.109375
260 2.129125 0.577250 2023-10-30T16:03:16.109375
260 2.129625 0.577625 2023-10-30T16:03:16.109375
260 2.129625 0.577875 2023-10-30T16:03:16.109375
260 2.130125 0.578125 2023-10-30T16:03:16.109375
260 2.129750 0.578000 2023-10-30T16:03:16.109375
260 2.131750 0.578250 2023-10-30T16:03:16.109375
260 2.132875 0.578500 2023-10-30T16:03:16.109375
260 2.134000 0.578500 2023-10-30T16:03:16.109375
260 2.134750 0.579125 2023-10-30T16:03:16.109375
260 2.135125 0.579500 2023-10-30T16:03:16.109375
260 2.135375 0.579500 2023-10-30T16:03:16.109375
260 2.137125 0.579875 2023-10-30T16:03:16.109375
260 2.138250 0.579875 2023-10-30T16:03:16.109375
260 2.139750 0.580125 2023-10-30T16:03:16.109375
260 2.140875 0.580750 2023-10-30T16:03:16.109375
260 2.142625 0.581125 2023-10-30T16:03:16.109375
260 2.143500 0.581375 2023-10-30T16:03:16.109375
260 2.144125 0.581750 2023-10-30T16:03:16.109375
260 2.145250 0.582000 2023-10-30T16:03:16.109375
260 2.148125 0.582375 2023-10-30T16:03:16.109375
260 2.149625 0.582875 2023-10-30T16:03:16.109375
260 2.151125 0.583500 2023-10-30T16:03:16.109375
260 2.152625 0.583750 2023-10-30T16:03:16.109375
260 2.152750 0.584250 2023-10-30T16:03:16.109375
260 2.154625 0.584500 2023-10-30T16:03:16.109375
260 2.361750 0.626000 2023-10-30T16:03:16.125000
260 2.362125 0.626000 2023-10-30T16:03:16.125000
260 2.362375 0.626125 2023-10-30T16:03:16.125000
260 2.362375 0.626375 2023-10-30T16:03:16.125000
260 2.361625 0.626375 2023-10-30T16:03:16.125000
280 2.361000 0.626250 2023-10-30T16:03:22.640625
280 2.361750 0.626000 2023-10-30T16:03:22.640625
280 2.362125 0.626000 2023-10-30T16:03:22.640625
280 2.362375 0.626125 2023-10-30T16:03:22.640625
280 2.362375 0.626375 2023-10-30T16:03:22.640625
280 2.362000 0.626375 2023-10-30T16:03:22.640625
280 2.361250 0.626125 2023-10-30T16:03:22.640625
280 2.361500 0.626000 2023-10-30T16:03:22.640625
280 2.361750 0.625875 2023-10-30T16:03:22.640625
280 2.362375 0.626125 2023-10-30T16:03:22.640625
280 2.361750 0.626000 2023-10-30T16:03:22.640625
280 2.361750 0.626500 2023-10-30T16:03:22.640625
280 2.360750 0.626125 2023-10-30T16:03:22.640625
280 2.361250 0.626000 2023-10-30T16:03:22.640625
280 2.361625 0.625875 2023-10-30T16:03:22.640625
280 2.361625 0.625625 2023-10-30T16:03:22.640625
280 2.361375 0.626125 2023-10-30T16:03:22.640625
280 2.361750 0.626250 2023-10-30T16:03:22.640625
280 2.360875 0.626250 2023-10-30T16:03:22.640625
280 2.360625 0.625875 2023-10-30T16:03:22.640625
280 2.361125 0.625750 2023-10-30T16:03:22.656250
280 2.361250 0.625625 2023-10-30T16:03:22.656250
280 2.361625 0.625750 2023-10-30T16:03:22.656250
280 2.361250 0.625875 2023-10-30T16:03:22.656250
280 2.360625 0.626000 2023-10-30T16:03:22.656250
280 2.359500 0.625625 2023-10-30T16:03:22.656250
280 2.360125 0.625375 2023-10-30T16:03:22.656250
280 2.360375 0.625375 2023-10-30T16:03:22.656250
280 2.360875 0.625375 2023-10-30T16:03:22.656250
280 2.360250 0.625625 2023-10-30T16:03:22.656250
280 2.360125 0.625750 2023-10-30T16:03:22.656250
280 2.359125 0.625250 2023-10-30T16:03:22.656250
280 2.358750 0.625125 2023-10-30T16:03:22.656250
280 2.359250 0.624750 2023-10-30T16:03:22.656250
280 2.359625 0.625000 2023-10-30T16:03:22.656250
280 2.359000 0.625000 2023-10-30T16:03:22.656250
280 2.358875 0.624875 2023-10-30T16:03:22.656250
280 2.357750 0.624625 2023-10-30T16:03:22.656250
280 2.357125 0.624375 2023-10-30T16:03:22.656250
280 2.357250 0.624125 2023-10-30T16:03:22.656250
280 2.357375 0.623875 2023-10-30T16:03:22.656250
280 2.357375 0.624125 2023-10-30T16:03:22.656250
280 2.356375 0.624000 2023-10-30T16:03:22.656250
280 2.356500 0.624125 2023-10-30T16:03:22.656250
280 2.076375 0.531625 2023-10-30T16:03:22.656250
280 2.076750 0.531625 2023-10-30T16:03:22.656250
280 2.077500 0.531750 2023-10-30T16:03:22.671875
280 2.077250 0.532000 2023-10-30T16:03:22.671875
280 2.076000 0.531625 2023-10-30T16:03:22.671875
280 2.076375 0.531625 2023-10-30T16:03:22.671875
300 2.076750 0.531625 2023-10-30T16:03:29.187500
300 2.077375 0.531625 2023-10-30T16:03:29.187500
300 2.077375 0.531500 2023-10-30T16:03:29.187500
300 2.077375 0.531875 2023-10-30T16:03:29.187500
300 2.076375 0.531875 2023-10-30T16:03:29.187500
300 2.076250 0.531625 2023-10-30T16:03:29.187500
300 2.076750 0.531375 2023-10-30T16:03:29.187500
300 2.077125 0.531250 2023-10-30T16:03:29.187500
300 2.077000 0.531500 2023-10-30T16:03:29.187500
300 2.076500 0.531500 2023-10-30T16:03:29.187500
300 2.075625 0.531500 2023-10-30T16:03:29.187500
300 2.075250 0.531125 2023-10-30T16:03:29.187500
300 2.075000 0.530875 2023-10-30T16:03:29.187500
300 2.075250 0.530750 2023-10-30T16:03:29.187500
300 2.075000 0.530750 2023-10-30T16:03:29.187500
300 2.074125 0.530625 2023-10-30T16:03:29.187500
300 2.073375 0.530500 2023-10-30T16:03:29.187500
300 2.072000 0.530000 2023-10-30T16:03:29.187500
300 2.071625 0.529625 2023-10-30T16:03:29.187500
300 2.071500 0.529375 2023-10-30T16:03:29.187500
300 2.071125 0.529125 2023-10-30T16:03:29.187500
300 2.069875 0.529000 2023-10-30T16:03:29.187500
300 2.069000 0.528875 2023-10-30T16:03:29.203125
300 2.067250 0.528500 2023-10-30T16:03:29.203125
300 2.066125 0.528125 2023-10-30T16:03:29.203125
300 2.065500 0.527500 2023-10-30T16:03:29.203125
300 2.065125 0.527125 2023-10-30T16:03:29.203125
300 2.063750 0.527000 2023-10-30T16:03:29.203125
300 2.062375 0.526625 2023-10-30T16:03:29.203125
300 2.060375 0.526125 2023-10-30T16:03:29.203125
300 2.058625 0.525500 2023-10-30T16:03:29.203125
300 2.058000 0.525000 2023-10-30T16:03:29.203125
300 2.057125 0.524375 2023-10-30T16:03:29.203125
300 2.055875 0.524250 2023-10-30T16:03:29.203125
300 2.054000 0.523625 2023-10-30T16:03:29.203125
300 2.052125 0.523125 2023-10-30T16:03:29.203125
300 2.050125 0.522375 2023-10-30T16:03:29.203125
300 2.048750 0.522000 2023-10-30T16:03:29.203125
300 2.047625 0.521125 2023-10-30T16:03:29.203125
300 2.046750 0.520875 2023-10-30T16:03:29.203125
300 2.044750 0.520375 2023-10-30T16:03:29.203125
300 2.043250 0.520000 2023-10-30T16:03:29.203125
300 1.418875 0.333500 2023-10-30T16:03:29.203125
300 1.419250 0.333625 2023-10-30T16:03:29.203125
300 1.419000 0.333875 2023-10-30T16:03:29.203125
300 1.419000 0.333875 2023-10-30T16:03:29.203125
300 1.417750 0.333625 2023-10-30T16:03:29.203125
300 1.418250 0.333750 2023-10-30T16:03:29.218750
300 1.418875 0.333500 2023-10-30T16:03:29.218750
300 1.419375 0.333500 2023-10-30T16:03:29.218750
320 1.419000 0.333625 2023-10-30T16:03:35.734375
320 1.419000 0.333875 2023-10-30T16:03:35.734375
320 1.418250 0.333750 2023-10-30T16:03:35.734375
320 1.418250 0.333750 2023-10-30T16:03:35.734375
320 1.418500 0.333750 2023-10-30T16:03:35.734375
320 1.418750 0.333125 2023-10-30T16:03:35.734375
320 1.418500 0.333250 2023-10-30T16:03:35.734375
320 1.417875 0.333375 2023-10-30T16:03:35.734375
320 1.417125 0.333250 2023-10-30T16:03:35.734375
320 1.415750 0.332875 2023-10-30T16:03:35.734375
320 1.415625 0.332875 2023-10-30T16:03:35.734375
320 1.415375 0.332750 2023-10-30T16:03:35.734375
320 1.415000 0.332500 2023-10-30T16:03:35.734375
320 1.413625 0.332250 2023-10-30T16:03:35.734375
320 1.412500 0.331875 2023-10-30T16:03:35.734375
320 1.410375 0.331500 2023-10-30T16:03:35.734375
320 1.409375 0.331000 2023-10-30T16:03:35.734375
320 1.408625 0.330500 2023-10-30T16:03:35.734375
320 1.407750 0.330250 2023-10-30T16:03:35.734375
320 1.406125 0.329750 2023-10-30T16:03:35.734375
320 1.404625 0.329750 2023-10-30T16:03:35.750000
320 1.402125 0.329125 2023-10-30T16:03:35.750000
320 1.400500 0.328625 2023-10-30T16:03:35.750000
320 1.399000 0.327625 2023-10-30T16:03:35.750000
320 1.397625 0.327250 2023-10-30T16:03:35.750000
320 1.395125 0.326875 2023-10-30T16:03:35.750000
320 1.393250 0.326125 2023-10-30T16:03:35.750000
320 1.390875 0.325625 2023-10-30T16:03:35.750000
320 1.387625 0.325000 2023-10-30T16:03:35.750000
320 1.385750 0.324250 2023-10-30T16:03:35.750000
320 1.383875 0.323500 2023-10-30T16:03:35.750000
320 1.381250 0.322625 2023-10-30T16:03:35.750000
320 1.378250 0.322125 2023-10-30T16:03:35.750000
320 1.375125 0.321375 2023-10-30T16:03:35.750000
320 1.371500 0.320500 2023-10-30T16:03:35.750000
320 1.369250 0.319625 2023-10-30T16:03:35.750000
320 1.366875 0.318750 2023-10-30T16:03:35.750000
320 1.365250 0.318500 2023-10-30T16:03:35.750000
320 1.362125 0.317750 2023-10-30T16:03:35.750000
320 1.359500 0.317250 2023-10-30T16:03:35.750000
320 0.622875 0.127125 2023-10-30T16:03:35.750000
320 0.623125 0.127125 2023-10-30T16:03:35.750000
320 0.622500 0.127375 2023-10-30T16:03:35.750000
320 0.622375 0.127250 2023-10-30T16:03:35.750000
320 0.621625 0.127125 2023-10-30T16:03:35.765625
320 0.622250 0.127125 2023-10-30T16:03:35.765625
320 0.622625 0.127000 2023-10-30T16:03:35.765625
320 0.623125 0.127000 2023-10-30T16:03:35.765625
320 0.622750 0.127250 2023-10-30T16:03:35.765625
320 0.622750 0.127375 2023-10-30T16:03:35.765625
340 0.621875 0.127000 2023-10-30T16:03:42.281250
340 0.621875 0.127125 2023-10-30T16:03:42.281250
340 0.622000 0.126875 2023-10-30T16:03:42.281250
340 0.622125 0.126875 2023-10-30T16:03:42.281250
340 0.621625 0.126875 2023-10-30T16:03:42.281250
340 0.621250 0.126750 2023-10-30T16:03:42.281250
340 0.620125 0.126625 2023-10-30T16:03:42.281250
340 0.619250 0.126375 2023-10-30T16:03:42.281250
340 0.618875 0.126000 2023-10-30T16:03:42.281250
340 0.618875 0.126000 2023-10-30T16:03:42.281250
340 0.617875 0.125750 2023-10-30T16:03:42.281250
340 0.616250 0.125750 2023-10-30T16:03:42.281250
340 0.615375 0.125250 2023-10-30T16:03:42.281250
340 0.613375 0.124625 2023-10-30T16:03:42.281250
340 0.612750 0.124625 2023-10-30T16:03:42.296875
340 0.611750 0.124250 2023-10-30T16:03:42.296875
340 0.610750 0.123875 2023-10-30T16:03:42.296875
340 0.609250 0.123750 2023-10-30T16:03:42.296875
340 0.607375 0.123250 2023-10-30T16:03:42.296875
340 0.605125 0.123000 2023-10-30T16:03:42.296875
340 0.603750 0.122500 2023-10-30T16:03:42.296875
340 0.602375 0.121625 2023-10-30T16:03:42.296875
340 0.601125 0.121375 2023-10-30T16:03:42.296875
340 0.598750 0.121125 2023-10-30T16:03:42.296875
340 0.596750 0.120625 2023-10-30T16:03:42.296875
340 0.593625 0.120000 2023-10-30T16:03:42.296875
340 0.591625 0.119625 2023-10-30T16:03:42.296875
340 0.589875 0.119000 2023-10-30T16:03:42.296875
340 0.588125 0.118250 2023-10-30T16:03:42.296875
340 0.585625 0.117625 2023-10-30T16:03:42.296875
340 0.583250 0.117375 2023-10-30T16:03:42.296875
340 0.579500 0.116750 2023-10-30T16:03:42.296875
340 0.577125 0.116000 2023-10-30T16:03:42.296875
340 0.575000 0.115250 2023-10-30T16:03:42.296875
340 0.573125 0.114625 2023-10-30T16:03:42.296875
340 0.570625 0.114250 2023-10-30T16:03:42.296875
340 0.568250 0.113875 2023-10-30T16:03:42.296875
340 0.565375 0.113250 2023-10-30T16:03:42.296875
340 0.562500 0.112750 2023-10-30T16:03:42.296875
340 0.077500 0.008000 2023-10-30T16:03:42.296875
340 0.077375 0.008250 2023-10-30T16:03:42.312500
340 0.077375 0.008375 2023-10-30T16:03:42.312500
340 0.076375 0.008375 2023-10-30T16:03:42.312500
340 0.076375 0.008250 2023-10-30T16:03:42.312500
340 0.076625 0.008125 2023-10-30T16:03:42.312500
340 0.077500 0.008000 2023-10-30T16:03:42.312500
340 0.077375 0.008250 2023-10-30T16:03:42.312500
340 0.077375 0.008375 2023-10-30T16:03:42.312500
