#~~~~~~~~~~~~~~~~~~~~~~~~~~~~~~~~~~~~~~~~~~~~~~~~~~~~~~#
#~~~~~~~~~ RAPP measurements | INTI 2023-12-22 ~~~~~~~~#
#~~~~~~~~~~~~~~~~~~~~~~~~~~~~~~~~~~~~~~~~~~~~~~~~~~~~~~#
# cycles  : 1
# step    : 1.0
# samples : 1
# ~~~~~~~~~~~~~~~~~~~~~~~~~~~~~~~~~~~~~~~~~~~~~~~~~~~~~#
ANGLE     CH0       CH1       DATETIME
2160.003  2.119875  2.48025   2023-12-22T14:59:32.234375
2161.003  2.12425   2.467625  2023-12-22T14:59:33.984375
2162.003  2.131     2.45275   2023-12-22T14:59:35.734375
2163.003  2.133875  2.436875  2023-12-22T14:59:37.609375
2164.003  2.13625   2.420875  2023-12-22T14:59:39.515625
2165.003  2.136625  2.402125  2023-12-22T14:59:41.250000
2166.003  2.13475   2.382375  2023-12-22T14:59:43.015625
2167.003  2.131125  2.36125   2023-12-22T14:59:44.750000
2168.003  2.128125  2.339875  2023-12-22T14:59:46.875000
2169.003  2.122625  2.314625  2023-12-22T14:59:48.609375
2170.003  2.1145    2.291     2023-12-22T14:59:50.500000
2171.003  2.106375  2.265625  2023-12-22T14:59:52.250000
2172.003  2.09625   2.23625   2023-12-22T14:59:54.234375
2173.003  2.085375  2.207875  2023-12-22T14:59:56.109375
2174.003  2.072375  2.176625  2023-12-22T14:59:57.843750
2175.003  2.057875  2.145375  2023-12-22T14:59:59.609375
2176.003  2.04125   2.11425   2023-12-22T15:00:01.390625
2177.003  2.023875  2.080375  2023-12-22T15:00:03.140625
2178.003  2.006125  2.046375  2023-12-22T15:00:04.921875
2179.003  1.98625   2.01125   2023-12-22T15:00:06.656250
2180.003  1.966125  1.975125  2023-12-22T15:00:08.687500
2181.003  1.944375  1.937     2023-12-22T15:00:10.437500
2182.003  1.921375  1.899625  2023-12-22T15:00:12.203125
2183.003  1.897125  1.862     2023-12-22T15:00:13.968750
2184.003  1.872875  1.821875  2023-12-22T15:00:15.953125
2185.003  1.846625  1.782125  2023-12-22T15:00:17.687500
2186.003  1.82      1.741     2023-12-22T15:00:19.437500
2187.003  1.7915    1.70025   2023-12-22T15:00:21.187500
2188.003  1.764     1.657875  2023-12-22T15:00:23.218750
2189.003  1.733375  1.6145    2023-12-22T15:00:24.984375
2190.003  1.704     1.572625  2023-12-22T15:00:26.718750
2191.003  1.671     1.52975   2023-12-22T15:00:28.468750
2192.003  1.6395    1.484625  2023-12-22T15:00:30.218750
2193.003  1.60675   1.441125  2023-12-22T15:00:31.984375
2194.003  1.57425   1.397625  2023-12-22T15:00:33.859375
2195.003  1.54125   1.353375  2023-12-22T15:00:35.609375
2196.003  1.505     1.308875  2023-12-22T15:00:37.359375
2197.003  1.470875  1.264375  2023-12-22T15:00:39.125000
2198.003  1.4375    1.220125  2023-12-22T15:00:41.125000
2199.003  1.401625  1.176125  2023-12-22T15:00:42.875000
2200.003  1.364875  1.132375  2023-12-22T15:00:44.765625
2201.003  1.3275    1.087875  2023-12-22T15:00:46.515625
2202.003  1.290375  1.04375   2023-12-22T15:00:48.281250
2203.003  1.252875  1.000125  2023-12-22T15:00:50.031250
2204.003  1.2155    0.95775   2023-12-22T15:00:52.125000
2205.003  1.17825   0.91525   2023-12-22T15:00:53.890625
2206.003  1.140375  0.872125  2023-12-22T15:00:55.656250
2207.003  1.10225   0.829875  2023-12-22T15:00:57.406250
2208.003  1.064125  0.789125  2023-12-22T15:00:59.171875
2209.003  1.027375  0.749     2023-12-22T15:01:01.140625
2210.003  0.988375  0.7085    2023-12-22T15:01:03.062500
2211.003  0.951875  0.669875  2023-12-22T15:01:04.828125
2212.003  0.914375  0.63025   2023-12-22T15:01:06.687500
2213.003  0.87675   0.592     2023-12-22T15:01:08.437500
2214.003  0.840125  0.55575   2023-12-22T15:01:10.421875
2215.003  0.80425   0.51975   2023-12-22T15:01:12.171875
2216.003  0.769875  0.48475   2023-12-22T15:01:14.375000
2217.003  0.732875  0.4505    2023-12-22T15:01:16.140625
2218.003  0.696875  0.416625  2023-12-22T15:01:18.062500
2219.003  0.6625    0.385125  2023-12-22T15:01:20.406250
2220.003  0.627875  0.353875  2023-12-22T15:01:22.562500
2221.003  0.594625  0.324125  2023-12-22T15:01:24.312500
2222.003  0.561375  0.294875  2023-12-22T15:01:26.390625
2223.003  0.529625  0.2675    2023-12-22T15:01:28.718750
2224.003  0.503375  0.241     2023-12-22T15:01:30.484375
2225.003  0.4725    0.21625   2023-12-22T15:01:32.437500
2226.003  0.44225   0.19225   2023-12-22T15:01:34.203125
2227.003  0.41175   0.16925   2023-12-22T15:01:36.406250
2228.003  0.38275   0.147625  2023-12-22T15:01:38.171875
2229.003  0.356     0.128125  2023-12-22T15:01:40.578125
2230.003  0.329625  0.109375  2023-12-22T15:01:42.484375
2231.003  0.303125  0.092125  2023-12-22T15:01:44.250000
2232.003  0.278     0.076     2023-12-22T15:01:46.015625
2233.003  0.254125  0.062     2023-12-22T15:01:47.765625
2234.003  0.23175   0.049     2023-12-22T15:01:49.843750
2235.003  0.21025   0.037625  2023-12-22T15:01:52.421875
2236.003  0.189875  0.027875  2023-12-22T15:01:54.500000
2237.003  0.171125  0.0195    2023-12-22T15:01:56.250000
2238.003  0.152375  0.012125  2023-12-22T15:01:58.015625
2239.003  0.13475   0.00675   2023-12-22T15:01:59.781250
2240.003  0.118125  0.003125  2023-12-22T15:02:01.703125
2241.003  0.106     0.001125  2023-12-22T15:02:04.250000
2242.003  0.09025   0.0       2023-12-22T15:02:06.015625
2243.003  0.078625  0.0015    2023-12-22T15:02:07.781250
2244.003  0.067125  0.00325   2023-12-22T15:02:09.546875
2245.003  0.05575   0.007     2023-12-22T15:02:11.734375
2246.003  0.046375  0.012125  2023-12-22T15:02:14.015625
2247.003  0.034375  0.018875  2023-12-22T15:02:15.765625
2248.003  0.027125  0.02725   2023-12-22T15:02:17.968750
2249.003  0.021625  0.037375  2023-12-22T15:02:19.734375
2250.003  0.0165    0.0485    2023-12-22T15:02:21.687500
2251.003  0.01375   0.061125  2023-12-22T15:02:23.437500
2252.003  0.01075   0.075125  2023-12-22T15:02:25.640625
2253.003  0.00825   0.09075   2023-12-22T15:02:27.390625
2254.003  0.007625  0.1085    2023-12-22T15:02:29.156250
2255.003  0.008125  0.12675   2023-12-22T15:02:31.062500
2256.003  0.01      0.146625  2023-12-22T15:02:32.828125
2257.003  0.013     0.167875  2023-12-22T15:02:34.593750
2258.003  0.017125  0.19025   2023-12-22T15:02:36.359375
2259.003  0.023625  0.21475   2023-12-22T15:02:38.609375
2260.003  0.03025   0.239625  2023-12-22T15:02:40.531250
2261.003  0.038125  0.266375  2023-12-22T15:02:42.296875
2262.003  0.0495    0.293875  2023-12-22T15:02:44.062500
2263.003  0.056625  0.322625  2023-12-22T15:02:45.812500
2264.003  0.06825   0.353     2023-12-22T15:02:47.578125
2265.003  0.080625  0.383375  2023-12-22T15:02:49.343750
2266.003  0.0935    0.415625  2023-12-22T15:02:51.609375
2267.003  0.10775   0.448875  2023-12-22T15:02:53.375000
2268.003  0.123625  0.483125  2023-12-22T15:02:55.140625
2269.003  0.1405    0.518625  2023-12-22T15:02:56.906250
2270.003  0.158     0.554625  2023-12-22T15:02:58.953125
2271.003  0.176     0.590875  2023-12-22T15:03:01.359375
2272.003  0.1975    0.628625  2023-12-22T15:03:03.109375
2273.003  0.218     0.667125  2023-12-22T15:03:04.875000
2274.003  0.239125  0.706375  2023-12-22T15:03:07.250000
2275.003  0.26225   0.74625   2023-12-22T15:03:09.500000
2276.003  0.285     0.786125  2023-12-22T15:03:11.593750
2277.003  0.31025   0.827625  2023-12-22T15:03:13.640625
2278.003  0.334875  0.868125  2023-12-22T15:03:15.906250
2279.003  0.362625  0.91075   2023-12-22T15:03:17.656250
2280.003  0.38975   0.95375   2023-12-22T15:03:19.718750
2281.003  0.416125  0.995625  2023-12-22T15:03:21.703125
2282.003  0.444875  1.038625  2023-12-22T15:03:23.671875
2283.003  0.474125  1.0815    2023-12-22T15:03:25.421875
2284.003  0.50525   1.126     2023-12-22T15:03:27.171875
2285.003  0.5355    1.169625  2023-12-22T15:03:28.937500
2286.003  0.56675   1.213625  2023-12-22T15:03:30.703125
2287.003  0.598     1.257     2023-12-22T15:03:32.781250
2288.003  0.6315    1.301125  2023-12-22T15:03:34.531250
2289.003  0.663625  1.34475   2023-12-22T15:03:36.375000
2290.003  0.6985    1.3895    2023-12-22T15:03:38.750000
2291.003  0.731     1.431625  2023-12-22T15:03:41
2292.003  0.765625  1.474875  2023-12-22T15:03:43.312500
2293.003  0.801625  1.51825   2023-12-22T15:03:45.078125
2294.003  0.83575   1.560625  2023-12-22T15:03:46.828125
2295.003  0.870875  1.604     2023-12-22T15:03:48.593750
2296.003  0.90725   1.644875  2023-12-22T15:03:51.093750
2297.003  0.94375   1.685875  2023-12-22T15:03:52.843750
2298.003  0.978375  1.727125  2023-12-22T15:03:55.031250
2299.003  1.014875  1.76825   2023-12-22T15:03:56.796875
2300.003  1.052875  1.808125  2023-12-22T15:03:59.125000
2301.003  1.088     1.84675   2023-12-22T15:04:00.890625
2302.003  1.125375  1.88525   2023-12-22T15:04:02.640625
2303.003  1.16125   1.923625  2023-12-22T15:04:04.765625
2304.003  1.1985    1.961375  2023-12-22T15:04:06.531250
2305.003  1.235625  1.996625  2023-12-22T15:04:08.296875
2306.003  1.272625  2.031625  2023-12-22T15:04:10.296875
2307.003  1.307375  2.06525   2023-12-22T15:04:12.031250
2308.003  1.344625  2.099375  2023-12-22T15:04:13.796875
2309.003  1.379875  2.13125   2023-12-22T15:04:15.546875
2310.003  1.416625  2.163     2023-12-22T15:04:17.812500
2311.003  1.451125  2.194     2023-12-22T15:04:19.687500
2312.003  1.485875  2.222     2023-12-22T15:04:21.750000
2313.003  1.520625  2.2505    2023-12-22T15:04:23.500000
2314.003  1.555125  2.277125  2023-12-22T15:04:25.265625
2315.003  1.589125  2.300625  2023-12-22T15:04:27.031250
2316.003  1.623625  2.3255    2023-12-22T15:04:28.812500
2317.003  1.654375  2.349     2023-12-22T15:04:30.578125
2318.003  1.68725   2.370375  2023-12-22T15:04:32.468750
2319.003  1.7195    2.389125  2023-12-22T15:04:34.234375
2320.003  1.749125  2.408125  2023-12-22T15:04:36.406250
2321.003  1.78      2.42375   2023-12-22T15:04:38.703125
2322.003  1.80825   2.439125  2023-12-22T15:04:41.140625
2323.003  1.834875  2.455125  2023-12-22T15:04:42.890625
2324.003  1.861     2.466375  2023-12-22T15:04:45.078125
2325.003  1.887     2.47875   2023-12-22T15:04:46.828125
2326.003  1.909125  2.48875   2023-12-22T15:04:48.937500
2327.003  1.9305    2.496625  2023-12-22T15:04:50.953125
2328.003  1.9515    2.50375   2023-12-22T15:04:52.875000
2329.003  1.970875  2.508125  2023-12-22T15:04:54.640625
2330.003  1.99225   2.511375  2023-12-22T15:04:56.906250
2331.003  2.008     2.514375  2023-12-22T15:04:58.890625
2332.003  2.024625  2.5155    2023-12-22T15:05:01.062500
2333.003  2.040125  2.51725   2023-12-22T15:05:02.937500
2334.003  2.055     2.514875  2023-12-22T15:05:04.687500
2335.003  2.06925   2.51025   2023-12-22T15:05:06.453125
2336.003  2.081625  2.505125  2023-12-22T15:05:08.500000
2337.003  2.0915    2.49825   2023-12-22T15:05:10.703125
2338.003  2.1005    2.491125  2023-12-22T15:05:12.921875
2339.003  2.11      2.479875  2023-12-22T15:05:14.671875
2340.003  2.1175    2.46875   2023-12-22T15:05:16.609375
2341.003  2.124     2.45575   2023-12-22T15:05:18.375000
2342.003  2.12525   2.442375  2023-12-22T15:05:20.656250
2343.003  2.131     2.428     2023-12-22T15:05:23.265625
2344.003  2.132875  2.41      2023-12-22T15:05:25.500000
2345.003  2.1315    2.39225   2023-12-22T15:05:27.265625
2346.003  2.12875   2.372     2023-12-22T15:05:29.015625
2347.003  2.125375  2.351375  2023-12-22T15:05:31.203125
2348.003  2.12175   2.329875  2023-12-22T15:05:32.953125
2349.003  2.116     2.307125  2023-12-22T15:05:34.718750
2350.003  2.107875  2.282     2023-12-22T15:05:36.578125
2351.003  2.09825   2.256375  2023-12-22T15:05:38.343750
2352.003  2.09025   2.228125  2023-12-22T15:05:40.578125
2353.003  2.077625  2.20025   2023-12-22T15:05:42.875000
2354.003  2.066375  2.170125  2023-12-22T15:05:44.765625
2355.003  2.051375  2.139875  2023-12-22T15:05:46.515625
2356.003  2.036875  2.108125  2023-12-22T15:05:48.843750
2357.003  2.01975   2.07375   2023-12-22T15:05:50.609375
2358.003  2.0025    2.04075   2023-12-22T15:05:52.531250
2359.003  1.982625  2.006     2023-12-22T15:05:54.281250
2360.003  1.962625  1.969625  2023-12-22T15:05:56.125000
2361.003  1.94225   1.933     2023-12-22T15:05:57.875000
2362.003  1.918125  1.894875  2023-12-22T15:05:59.828125
2363.003  1.896     1.85725   2023-12-22T15:06:01.578125
2364.003  1.87      1.818     2023-12-22T15:06:03.328125
2365.003  1.845375  1.77825   2023-12-22T15:06:05.078125
2366.003  1.818125  1.7375    2023-12-22T15:06:06.843750
2367.003  1.789125  1.69675   2023-12-22T15:06:08.765625
2368.003  1.761375  1.65575   2023-12-22T15:06:10.718750
2369.003  1.73125   1.6135    2023-12-22T15:06:12.453125
2370.003  1.701     1.57175   2023-12-22T15:06:14.203125
2371.003  1.6685    1.528625  2023-12-22T15:06:15.953125
2372.003  1.636     1.485     2023-12-22T15:06:17.968750
2373.003  1.602625  1.441625  2023-12-22T15:06:19.718750
2374.003  1.569125  1.3975    2023-12-22T15:06:21.468750
2375.003  1.535875  1.354     2023-12-22T15:06:23.218750
2376.003  1.50075   1.3095    2023-12-22T15:06:24.984375
2377.003  1.465     1.264375  2023-12-22T15:06:26.734375
2378.003  1.430875  1.220125  2023-12-22T15:06:28.640625
2379.003  1.3935    1.1765    2023-12-22T15:06:30.390625
2380.003  1.357875  1.132125  2023-12-22T15:06:32.140625
2381.003  1.3215    1.0885    2023-12-22T15:06:33.890625
2382.003  1.283875  1.04475   2023-12-22T15:06:35.781250
2383.003  1.246875  1.001375  2023-12-22T15:06:37.515625
2384.003  1.209     0.957875  2023-12-22T15:06:39.406250
2385.003  1.171625  0.91625   2023-12-22T15:06:41.156250
2386.003  1.133     0.873625  2023-12-22T15:06:42.906250
2387.003  1.095875  0.831375  2023-12-22T15:06:44.671875
2388.003  1.059     0.789875  2023-12-22T15:06:46.687500
2389.003  1.0205    0.750125  2023-12-22T15:06:48.437500
2390.003  0.983     0.7105    2023-12-22T15:06:50.328125
2391.003  0.945125  0.671     2023-12-22T15:06:52.093750
2392.003  0.9085    0.632375  2023-12-22T15:06:53.843750
2393.003  0.871625  0.5945    2023-12-22T15:06:55.609375
2394.003  0.835625  0.55775   2023-12-22T15:06:57.546875
2395.003  0.80025   0.5215    2023-12-22T15:06:59.296875
2396.003  0.7645    0.48625   2023-12-22T15:07:01.046875
2397.003  0.729375  0.45225   2023-12-22T15:07:02.812500
2398.003  0.693625  0.41875   2023-12-22T15:07:04.640625
2399.003  0.660375  0.387     2023-12-22T15:07:06.375000
2400.003  0.62625   0.355625  2023-12-22T15:07:08.140625
2401.003  0.593375  0.326     2023-12-22T15:07:09.875000
2402.003  0.561375  0.296625  2023-12-22T15:07:11.828125
2403.003  0.529     0.26875   2023-12-22T15:07:13.578125
2404.003  0.497625  0.24225   2023-12-22T15:07:15.343750
2405.003  0.4675    0.217125  2023-12-22T15:07:17.093750
2406.003  0.43775   0.19325   2023-12-22T15:07:18.843750
2407.003  0.409125  0.170625  2023-12-22T15:07:20.609375
2408.003  0.38      0.148625  2023-12-22T15:07:22.468750
2409.003  0.353     0.12925   2023-12-22T15:07:24.234375
2410.003  0.327     0.1105    2023-12-22T15:07:25.984375
2411.003  0.301625  0.093625  2023-12-22T15:07:27.750000
2412.003  0.27675   0.0775    2023-12-22T15:07:29.500000
2413.003  0.25325   0.062875  2023-12-22T15:07:32.046875
2414.003  0.230625  0.05      2023-12-22T15:07:34.390625
2415.003  0.208375  0.03875   2023-12-22T15:07:36.718750
2416.003  0.18875   0.02875   2023-12-22T15:07:38.484375
2417.003  0.168625  0.02025   2023-12-22T15:07:40.250000
2418.003  0.15075   0.01275   2023-12-22T15:07:42.171875
2419.003  0.1325    0.00775   2023-12-22T15:07:43.921875
2420.003  0.116375  0.00375   2023-12-22T15:07:46.140625
2421.003  0.101125  0.0015    2023-12-22T15:07:47.890625
2422.003  0.087375  0.00075   2023-12-22T15:07:49.656250
2423.003  0.0745    0.001625  2023-12-22T15:07:52.265625
2424.003  0.0625    0.003375  2023-12-22T15:07:54.468750
2425.003  0.05175   0.007375  2023-12-22T15:07:56.234375
2426.003  0.041875  0.0125    2023-12-22T15:07:57.984375
2427.003  0.03325   0.0195    2023-12-22T15:07:59.750000
2428.003  0.02575   0.027625  2023-12-22T15:08:01.812500
2429.003  0.019625  0.03775   2023-12-22T15:08:04.343750
2430.003  0.01525   0.048625  2023-12-22T15:08:06.109375
2431.003  0.011375  0.0615    2023-12-22T15:08:08.312500
2432.003  0.008375  0.075625  2023-12-22T15:08:10.078125
2433.003  0.00675   0.091875  2023-12-22T15:08:11.828125
2434.003  0.006375  0.108875  2023-12-22T15:08:14.156250
2435.003  0.0075    0.1275    2023-12-22T15:08:16.609375
2436.003  0.008875  0.146875  2023-12-22T15:08:18.375000
2437.003  0.012375  0.16825   2023-12-22T15:08:20.125000
2438.003  0.016875  0.19075   2023-12-22T15:08:22.062500
2439.003  0.022125  0.21525   2023-12-22T15:08:24.546875
2440.003  0.029375  0.24025   2023-12-22T15:08:26.625000
2441.003  0.03675   0.266625  2023-12-22T15:08:28.375000
2442.003  0.045875  0.2945    2023-12-22T15:08:30.140625
2443.003  0.05525   0.323125  2023-12-22T15:08:32.656250
2444.003  0.06725   0.3535    2023-12-22T15:08:34.921875
2445.003  0.078875  0.38425   2023-12-22T15:08:37.484375
2446.003  0.092     0.41625   2023-12-22T15:08:39.250000
2447.003  0.106375  0.44925   2023-12-22T15:08:41
2448.003  0.122     0.483875  2023-12-22T15:08:42.765625
2449.003  0.138375  0.5195    2023-12-22T15:08:45.156250
2450.003  0.15675   0.555125  2023-12-22T15:08:47.156250
2451.003  0.175     0.592125  2023-12-22T15:08:48.906250
2452.003  0.195     0.629125  2023-12-22T15:08:51.093750
2453.003  0.2145    0.668125  2023-12-22T15:08:52.859375
2454.003  0.236625  0.707375  2023-12-22T15:08:55.078125
2455.003  0.25925   0.747875  2023-12-22T15:08:56.828125
2456.003  0.282625  0.788875  2023-12-22T15:08:58.937500
2457.003  0.306875  0.83      2023-12-22T15:09:00.703125
2458.003  0.332125  0.871125  2023-12-22T15:09:02.468750
2459.003  0.357875  0.91475   2023-12-22T15:09:04.921875
2460.003  0.384625  0.957625  2023-12-22T15:09:06.718750
2461.003  0.411375  0.99925   2023-12-22T15:09:08.468750
2462.003  0.4395    1.042625  2023-12-22T15:09:10.718750
2463.003  0.469     1.08575   2023-12-22T15:09:12.921875
2464.003  0.499125  1.1295    2023-12-22T15:09:15.203125
2465.003  0.5295    1.173875  2023-12-22T15:09:16.968750
2466.003  0.56      1.217125  2023-12-22T15:09:18.734375
2467.003  0.59175   1.261375  2023-12-22T15:09:20.500000
2468.003  0.62475   1.304625  2023-12-22T15:09:22.343750
2469.003  0.657375  1.349     2023-12-22T15:09:24.578125
2470.003  0.690875  1.394     2023-12-22T15:09:26.859375
2471.003  0.7245    1.43775   2023-12-22T15:09:29.250000
2472.003  0.758125  1.480875  2023-12-22T15:09:31.015625
2473.003  0.79325   1.524625  2023-12-22T15:09:32.765625
2474.003  0.82925   1.567625  2023-12-22T15:09:34.640625
2475.003  0.864375  1.611875  2023-12-22T15:09:36.875000
2476.003  0.899875  1.652375  2023-12-22T15:09:38.625000
2477.003  0.935625  1.694     2023-12-22T15:09:40.375000
2478.003  0.971375  1.735125  2023-12-22T15:09:42.140625
2479.003  1.008     1.776125  2023-12-22T15:09:44.468750
2480.003  1.044625  1.81675   2023-12-22T15:09:46.359375
2481.003  1.081125  1.855625  2023-12-22T15:09:48.125000
2482.003  1.118     1.89425   2023-12-22T15:09:50.531250
2483.003  1.154875  1.93275   2023-12-22T15:09:52.281250
2484.003  1.191375  1.9685    2023-12-22T15:09:54.218750
2485.003  1.22825   2.005375  2023-12-22T15:09:56.375000
2486.003  1.265375  2.039375  2023-12-22T15:09:58.609375
2487.003  1.301875  2.074125  2023-12-22T15:10:00.375000
2488.003  1.338     2.108     2023-12-22T15:10:02.125000
2489.003  1.374125  2.13925   2023-12-22T15:10:04.500000
2490.003  1.4095    2.16925   2023-12-22T15:10:07.015625
2491.003  1.444375  2.199125  2023-12-22T15:10:09.421875
2492.003  1.480625  2.22875   2023-12-22T15:10:11.171875
2493.003  1.515875  2.255     2023-12-22T15:10:13.218750
2494.003  1.549375  2.283125  2023-12-22T15:10:15.593750
2495.003  1.582     2.308125  2023-12-22T15:10:17.812500
2496.003  1.616875  2.333125  2023-12-22T15:10:19.640625
2497.003  1.64875   2.35525   2023-12-22T15:10:21.406250
2498.003  1.680375  2.375625  2023-12-22T15:10:23.343750
2499.003  1.7115    2.395625  2023-12-22T15:10:25.109375
2500.003  1.743625  2.415     2023-12-22T15:10:27.562500
2501.003  1.773875  2.43225   2023-12-22T15:10:29.968750
2502.003  1.801625  2.44675   2023-12-22T15:10:31.718750
2503.003  1.8295    2.461375  2023-12-22T15:10:33.468750
2504.003  1.857375  2.47525   2023-12-22T15:10:35.234375
2505.003  1.882875  2.486     2023-12-22T15:10:37.484375
2506.003  1.9085    2.49525   2023-12-22T15:10:39.937500
2507.003  1.9305    2.502625  2023-12-22T15:10:42.468750
2508.003  1.9525    2.511375  2023-12-22T15:10:44.234375
2509.003  1.972     2.515375  2023-12-22T15:10:45.984375
2510.003  1.99225   2.518625  2023-12-22T15:10:48.062500
2511.003  2.010625  2.521     2023-12-22T15:10:50.328125
2512.003  2.02775   2.522     2023-12-22T15:10:52.765625
2513.003  2.044875  2.52175   2023-12-22T15:10:54.515625
2514.003  2.05825   2.52075   2023-12-22T15:10:56.906250
2515.003  2.072125  2.5175    2023-12-22T15:10:59.187500
2516.003  2.083875  2.514375  2023-12-22T15:11:01.375000
2517.003  2.09575   2.509125  2023-12-22T15:11:03.125000
2518.003  2.104375  2.499375  2023-12-22T15:11:05.265625
2519.003  2.113875  2.489125  2023-12-22T15:11:07.031250
2520.003  2.121625  2.478     2023-12-22T15:11:08.796875
