ANGLE [°], A0 [V], A1 [V], DATETIME
0 1.844125 0.441625 2023-10-30T16:53:20.953125
0 1.845250 0.442000 2023-10-30T16:53:20.953125
0 1.847000 0.442500 2023-10-30T16:53:20.953125
0 1.847375 0.443000 2023-10-30T16:53:20.953125
0 1.849000 0.443000 2023-10-30T16:53:20.953125
0 1.850750 0.443000 2023-10-30T16:53:20.953125
0 1.852875 0.443500 2023-10-30T16:53:20.953125
0 1.854250 0.444000 2023-10-30T16:53:20.953125
0 1.855875 0.444500 2023-10-30T16:53:20.953125
0 1.856750 0.444875 2023-10-30T16:53:20.953125
0 1.858375 0.445125 2023-10-30T16:53:20.953125
0 1.859750 0.445500 2023-10-30T16:53:20.953125
0 1.861875 0.445625 2023-10-30T16:53:20.953125
0 1.863500 0.446250 2023-10-30T16:53:20.953125
0 1.864750 0.446750 2023-10-30T16:53:20.953125
0 1.865625 0.447000 2023-10-30T16:53:20.953125
0 1.866625 0.447250 2023-10-30T16:53:20.953125
0 1.868375 0.447375 2023-10-30T16:53:20.953125
0 1.870625 0.447625 2023-10-30T16:53:20.953125
0 1.872750 0.448250 2023-10-30T16:53:20.953125
0 1.873500 0.448500 2023-10-30T16:53:20.953125
0 1.875375 0.449125 2023-10-30T16:53:20.953125
0 1.875375 0.449250 2023-10-30T16:53:20.953125
0 1.877750 0.449500 2023-10-30T16:53:20.953125
0 1.879250 0.449625 2023-10-30T16:53:20.953125
0 1.881500 0.450000 2023-10-30T16:53:20.953125
0 1.882250 0.450500 2023-10-30T16:53:20.968750
0 1.883875 0.451000 2023-10-30T16:53:20.968750
0 1.884125 0.451500 2023-10-30T16:53:20.968750
0 1.886000 0.451500 2023-10-30T16:53:20.968750
0 1.888000 0.452000 2023-10-30T16:53:20.968750
0 1.889750 0.452125 2023-10-30T16:53:20.968750
0 1.891125 0.452500 2023-10-30T16:53:20.968750
0 1.892500 0.452875 2023-10-30T16:53:20.968750
0 1.893375 0.453500 2023-10-30T16:53:20.968750
0 1.894750 0.453625 2023-10-30T16:53:20.968750
0 1.896250 0.453875 2023-10-30T16:53:20.968750
0 1.898125 0.454125 2023-10-30T16:53:20.968750
0 1.900250 0.454500 2023-10-30T16:53:20.968750
0 1.901375 0.455125 2023-10-30T16:53:20.968750
0 1.902375 0.455500 2023-10-30T16:53:20.968750
0 1.903000 0.455500 2023-10-30T16:53:20.968750
0 1.904875 0.456000 2023-10-30T16:53:20.968750
0 1.906625 0.456000 2023-10-30T16:53:20.968750
0 1.908875 0.456375 2023-10-30T16:53:20.968750
0 1.909875 0.456750 2023-10-30T16:53:20.968750
0 1.911000 0.457375 2023-10-30T16:53:20.968750
0 1.911875 0.457625 2023-10-30T16:53:20.968750
0 1.913375 0.458000 2023-10-30T16:53:20.968750
0 1.915500 0.458250 2023-10-30T16:53:20.968750
20 1.917000 0.458375 2023-10-30T16:53:27.484375
20 1.918500 0.458750 2023-10-30T16:53:27.484375
20 1.919625 0.459500 2023-10-30T16:53:27.484375
20 1.920625 0.459625 2023-10-30T16:53:27.500000
20 1.921875 0.459750 2023-10-30T16:53:27.500000
20 1.923750 0.460125 2023-10-30T16:53:27.500000
20 1.925500 0.460375 2023-10-30T16:53:27.500000
20 1.926875 0.460750 2023-10-30T16:53:27.500000
20 1.928250 0.461250 2023-10-30T16:53:27.500000
20 1.929250 0.461750 2023-10-30T16:53:27.500000
20 1.930375 0.461875 2023-10-30T16:53:27.500000
20 1.931750 0.462125 2023-10-30T16:53:27.500000
20 1.934125 0.462375 2023-10-30T16:53:27.500000
20 1.936000 0.462625 2023-10-30T16:53:27.500000
20 1.937250 0.463125 2023-10-30T16:53:27.500000
20 1.938375 0.463625 2023-10-30T16:53:27.500000
20 1.938750 0.464000 2023-10-30T16:53:27.500000
20 1.940875 0.464250 2023-10-30T16:53:27.500000
20 1.942875 0.464375 2023-10-30T16:53:27.500000
20 1.944750 0.464625 2023-10-30T16:53:27.500000
20 1.945750 0.465125 2023-10-30T16:53:27.500000
20 1.946875 0.465625 2023-10-30T16:53:27.500000
20 1.947875 0.465875 2023-10-30T16:53:27.500000
20 1.949250 0.466125 2023-10-30T16:53:27.500000
20 1.950750 0.466125 2023-10-30T16:53:27.500000
20 1.953375 0.466625 2023-10-30T16:53:27.500000
20 1.954500 0.467375 2023-10-30T16:53:27.500000
20 1.955875 0.467750 2023-10-30T16:53:27.500000
20 1.957125 0.468125 2023-10-30T16:53:27.500000
20 1.957875 0.468125 2023-10-30T16:53:27.500000
20 1.959750 0.468375 2023-10-30T16:53:27.500000
20 1.961500 0.468750 2023-10-30T16:53:27.500000
20 1.963250 0.469000 2023-10-30T16:53:27.500000
20 1.964625 0.469500 2023-10-30T16:53:27.515625
20 1.965750 0.470000 2023-10-30T16:53:27.515625
20 1.966375 0.470125 2023-10-30T16:53:27.515625
20 1.968375 0.470625 2023-10-30T16:53:27.515625
20 1.970250 0.470625 2023-10-30T16:53:27.515625
20 1.972000 0.471000 2023-10-30T16:53:27.515625
20 1.973750 0.471500 2023-10-30T16:53:27.515625
20 1.975000 0.472000 2023-10-30T16:53:27.515625
20 1.975500 0.472000 2023-10-30T16:53:27.515625
20 1.976750 0.472500 2023-10-30T16:53:27.515625
20 1.979000 0.472750 2023-10-30T16:53:27.515625
20 1.981000 0.473000 2023-10-30T16:53:27.515625
20 1.982125 0.473500 2023-10-30T16:53:27.515625
20 1.983500 0.473875 2023-10-30T16:53:27.515625
20 1.984625 0.474125 2023-10-30T16:53:27.515625
20 1.985500 0.474500 2023-10-30T16:53:27.515625
20 1.987250 0.474625 2023-10-30T16:53:27.515625
40 1.989000 0.474750 2023-10-30T16:53:34.031250
40 1.990625 0.475250 2023-10-30T16:53:34.031250
40 1.992250 0.475875 2023-10-30T16:53:34.031250
40 1.993375 0.476250 2023-10-30T16:53:34.031250
40 1.994000 0.476250 2023-10-30T16:53:34.031250
40 1.995750 0.476500 2023-10-30T16:53:34.031250
40 1.997875 0.476750 2023-10-30T16:53:34.031250
40 1.999625 0.477125 2023-10-30T16:53:34.031250
40 2.000375 0.477625 2023-10-30T16:53:34.031250
40 2.002125 0.478125 2023-10-30T16:53:34.046875
40 2.002375 0.478250 2023-10-30T16:53:34.046875
40 2.004500 0.478625 2023-10-30T16:53:34.046875
40 2.006000 0.478750 2023-10-30T16:53:34.046875
40 2.007875 0.479125 2023-10-30T16:53:34.046875
40 2.009250 0.479750 2023-10-30T16:53:34.046875
40 2.010625 0.480125 2023-10-30T16:53:34.046875
40 2.011125 0.480125 2023-10-30T16:53:34.046875
40 2.012750 0.480500 2023-10-30T16:53:34.046875
40 2.014625 0.480750 2023-10-30T16:53:34.046875
40 2.016875 0.481125 2023-10-30T16:53:34.046875
40 2.018250 0.481625 2023-10-30T16:53:34.046875
40 2.019500 0.482000 2023-10-30T16:53:34.046875
40 2.019750 0.482500 2023-10-30T16:53:34.046875
40 2.021375 0.482625 2023-10-30T16:53:34.046875
40 2.023000 0.482625 2023-10-30T16:53:34.046875
40 2.024625 0.482875 2023-10-30T16:53:34.046875
40 2.026500 0.483375 2023-10-30T16:53:34.046875
40 2.028000 0.483625 2023-10-30T16:53:34.046875
40 2.028750 0.484125 2023-10-30T16:53:34.046875
40 2.029625 0.484375 2023-10-30T16:53:34.046875
40 2.031125 0.484750 2023-10-30T16:53:34.046875
40 2.033125 0.484875 2023-10-30T16:53:34.046875
40 2.035000 0.485375 2023-10-30T16:53:34.046875
40 2.036250 0.485875 2023-10-30T16:53:34.046875
40 2.037000 0.486125 2023-10-30T16:53:34.046875
40 2.038000 0.486250 2023-10-30T16:53:34.046875
40 2.039875 0.486625 2023-10-30T16:53:34.046875
40 2.041750 0.486750 2023-10-30T16:53:34.046875
40 2.043375 0.487000 2023-10-30T16:53:34.062500
40 2.044750 0.487500 2023-10-30T16:53:34.062500
40 2.046125 0.488125 2023-10-30T16:53:34.062500
40 2.046750 0.488500 2023-10-30T16:53:34.062500
40 2.048250 0.488500 2023-10-30T16:53:34.062500
40 2.050000 0.488625 2023-10-30T16:53:34.062500
40 2.052125 0.488875 2023-10-30T16:53:34.062500
40 2.053250 0.489375 2023-10-30T16:53:34.062500
40 2.054375 0.489875 2023-10-30T16:53:34.062500
40 2.055375 0.490125 2023-10-30T16:53:34.062500
40 2.056375 0.490250 2023-10-30T16:53:34.062500
40 2.058125 0.490500 2023-10-30T16:53:34.062500
60 2.060125 0.490875 2023-10-30T16:53:40.578125
60 2.061875 0.491375 2023-10-30T16:53:40.578125
60 2.062875 0.491625 2023-10-30T16:53:40.578125
60 2.063750 0.492125 2023-10-30T16:53:40.578125
60 2.064625 0.492125 2023-10-30T16:53:40.578125
60 2.066250 0.492375 2023-10-30T16:53:40.578125
60 2.067875 0.492750 2023-10-30T16:53:40.578125
60 2.070125 0.493000 2023-10-30T16:53:40.578125
60 2.070750 0.493375 2023-10-30T16:53:40.578125
60 2.072250 0.494125 2023-10-30T16:53:40.578125
60 2.072625 0.494375 2023-10-30T16:53:40.578125
60 2.074500 0.494375 2023-10-30T16:53:40.578125
60 2.076000 0.494500 2023-10-30T16:53:40.578125
60 2.077875 0.494875 2023-10-30T16:53:40.578125
60 2.079250 0.495500 2023-10-30T16:53:40.578125
60 2.080750 0.495875 2023-10-30T16:53:40.593750
60 2.081125 0.496250 2023-10-30T16:53:40.593750
60 2.083000 0.496500 2023-10-30T16:53:40.593750
60 2.084500 0.496625 2023-10-30T16:53:40.593750
60 2.086875 0.496875 2023-10-30T16:53:40.593750
60 2.087875 0.497250 2023-10-30T16:53:40.593750
60 2.089125 0.498000 2023-10-30T16:53:40.593750
60 2.089875 0.498250 2023-10-30T16:53:40.593750
60 2.091250 0.498250 2023-10-30T16:53:40.593750
60 2.092500 0.498375 2023-10-30T16:53:40.593750
60 2.094625 0.498750 2023-10-30T16:53:40.593750
60 2.096625 0.499250 2023-10-30T16:53:40.593750
60 2.097250 0.499750 2023-10-30T16:53:40.593750
60 2.098625 0.500000 2023-10-30T16:53:40.593750
60 2.098750 0.500250 2023-10-30T16:53:40.593750
60 2.100750 0.500500 2023-10-30T16:53:40.593750
60 2.102750 0.500500 2023-10-30T16:53:40.593750
60 2.104625 0.500750 2023-10-30T16:53:40.593750
60 2.105500 0.501500 2023-10-30T16:53:40.593750
60 2.106625 0.502000 2023-10-30T16:53:40.593750
60 2.107000 0.501875 2023-10-30T16:53:40.593750
60 2.108875 0.502375 2023-10-30T16:53:40.593750
60 2.110625 0.502375 2023-10-30T16:53:40.593750
60 2.112500 0.502750 2023-10-30T16:53:40.593750
60 2.113625 0.503375 2023-10-30T16:53:40.593750
60 2.115000 0.503625 2023-10-30T16:53:40.593750
60 2.115250 0.503875 2023-10-30T16:53:40.593750
60 2.116750 0.504000 2023-10-30T16:53:40.593750
60 2.118250 0.504125 2023-10-30T16:53:40.593750
60 2.120500 0.504375 2023-10-30T16:53:40.609375
60 2.121250 0.504875 2023-10-30T16:53:40.609375
60 2.122500 0.505375 2023-10-30T16:53:40.609375
60 2.123375 0.505750 2023-10-30T16:53:40.609375
60 2.123750 0.506000 2023-10-30T16:53:40.609375
60 2.125875 0.506125 2023-10-30T16:53:40.609375
80 2.127625 0.506375 2023-10-30T16:53:47.125000
80 2.129250 0.506625 2023-10-30T16:53:47.125000
80 2.129500 0.507000 2023-10-30T16:53:47.125000
80 2.130750 0.507375 2023-10-30T16:53:47.125000
80 2.131500 0.507500 2023-10-30T16:53:47.125000
80 2.133375 0.507875 2023-10-30T16:53:47.125000
80 2.134625 0.508000 2023-10-30T16:53:47.125000
80 2.136375 0.508375 2023-10-30T16:53:47.125000
80 2.137375 0.508625 2023-10-30T16:53:47.125000
80 2.138000 0.509125 2023-10-30T16:53:47.125000
80 2.139000 0.509375 2023-10-30T16:53:47.125000
80 2.140625 0.509625 2023-10-30T16:53:47.125000
80 2.142500 0.509625 2023-10-30T16:53:47.125000
80 2.144250 0.510000 2023-10-30T16:53:47.125000
80 2.145125 0.510500 2023-10-30T16:53:47.125000
80 2.146500 0.510875 2023-10-30T16:53:47.125000
80 2.147375 0.511125 2023-10-30T16:53:47.125000
80 2.148250 0.511500 2023-10-30T16:53:47.125000
80 2.149750 0.511625 2023-10-30T16:53:47.125000
80 2.152125 0.511875 2023-10-30T16:53:47.125000
80 2.153000 0.512125 2023-10-30T16:53:47.125000
80 2.154125 0.512625 2023-10-30T16:53:47.140625
80 2.154875 0.513125 2023-10-30T16:53:47.140625
80 2.155625 0.513250 2023-10-30T16:53:47.140625
80 2.157500 0.513500 2023-10-30T16:53:47.140625
80 2.159000 0.513625 2023-10-30T16:53:47.140625
80 2.161250 0.514125 2023-10-30T16:53:47.140625
80 2.161875 0.514250 2023-10-30T16:53:47.140625
80 2.162875 0.514875 2023-10-30T16:53:47.140625
80 2.163375 0.514875 2023-10-30T16:53:47.140625
80 2.165125 0.515125 2023-10-30T16:53:47.140625
80 2.166750 0.515375 2023-10-30T16:53:47.140625
80 2.168875 0.515625 2023-10-30T16:53:47.140625
80 2.169500 0.516375 2023-10-30T16:53:47.140625
80 2.170875 0.516500 2023-10-30T16:53:47.140625
80 2.171500 0.516875 2023-10-30T16:53:47.140625
80 2.172625 0.517000 2023-10-30T16:53:47.140625
80 2.174250 0.517375 2023-10-30T16:53:47.140625
80 2.176000 0.517375 2023-10-30T16:53:47.140625
80 2.177625 0.518000 2023-10-30T16:53:47.140625
80 2.178625 0.518500 2023-10-30T16:53:47.140625
80 2.179000 0.518625 2023-10-30T16:53:47.140625
80 2.180125 0.518750 2023-10-30T16:53:47.140625
80 2.181875 0.519125 2023-10-30T16:53:47.140625
80 2.184000 0.519250 2023-10-30T16:53:47.140625
80 2.185500 0.519750 2023-10-30T16:53:47.140625
80 2.186250 0.519875 2023-10-30T16:53:47.140625
80 2.187125 0.520500 2023-10-30T16:53:47.140625
80 2.187875 0.520625 2023-10-30T16:53:47.140625
80 2.189750 0.520625 2023-10-30T16:53:47.140625
100 2.191125 0.521000 2023-10-30T16:53:53.671875
100 2.193500 0.521375 2023-10-30T16:53:53.671875
100 2.194000 0.521625 2023-10-30T16:53:53.671875
100 2.195125 0.522125 2023-10-30T16:53:53.671875
100 2.195125 0.522250 2023-10-30T16:53:53.671875
100 2.197125 0.522375 2023-10-30T16:53:53.671875
100 2.199000 0.522750 2023-10-30T16:53:53.671875
100 2.201000 0.523000 2023-10-30T16:53:53.671875
100 2.201500 0.523500 2023-10-30T16:53:53.671875
100 2.202500 0.523875 2023-10-30T16:53:53.671875
100 2.203125 0.524000 2023-10-30T16:53:53.671875
100 2.204375 0.524375 2023-10-30T16:53:53.671875
100 2.205875 0.524375 2023-10-30T16:53:53.671875
100 2.208125 0.524625 2023-10-30T16:53:53.671875
100 2.209375 0.525250 2023-10-30T16:53:53.671875
100 2.210125 0.525375 2023-10-30T16:53:53.671875
100 2.211000 0.525875 2023-10-30T16:53:53.671875
100 2.211375 0.525750 2023-10-30T16:53:53.671875
100 2.213125 0.526000 2023-10-30T16:53:53.671875
100 2.215250 0.526375 2023-10-30T16:53:53.671875
100 2.216750 0.526750 2023-10-30T16:53:53.671875
100 2.217875 0.527125 2023-10-30T16:53:53.671875
100 2.218375 0.527625 2023-10-30T16:53:53.671875
100 2.219125 0.527375 2023-10-30T16:53:53.671875
100 2.220625 0.527750 2023-10-30T16:53:53.687500
100 2.222000 0.528000 2023-10-30T16:53:53.687500
100 2.224125 0.528375 2023-10-30T16:53:53.687500
100 2.224875 0.528750 2023-10-30T16:53:53.687500
100 2.226125 0.529125 2023-10-30T16:53:53.687500
100 2.227125 0.529375 2023-10-30T16:53:53.687500
100 2.227750 0.529625 2023-10-30T16:53:53.687500
100 2.229625 0.529625 2023-10-30T16:53:53.687500
100 2.231500 0.530000 2023-10-30T16:53:53.687500
100 2.232500 0.530500 2023-10-30T16:53:53.687500
100 2.234000 0.530875 2023-10-30T16:53:53.687500
100 2.234000 0.531250 2023-10-30T16:53:53.687500
100 2.235625 0.531125 2023-10-30T16:53:53.687500
100 2.237250 0.531375 2023-10-30T16:53:53.687500
100 2.238500 0.531625 2023-10-30T16:53:53.687500
100 2.240500 0.531875 2023-10-30T16:53:53.687500
100 2.241375 0.532500 2023-10-30T16:53:53.687500
100 2.242250 0.532750 2023-10-30T16:53:53.687500
100 2.242750 0.532875 2023-10-30T16:53:53.687500
100 2.244375 0.533125 2023-10-30T16:53:53.687500
100 2.245625 0.533375 2023-10-30T16:53:53.687500
100 2.247750 0.533750 2023-10-30T16:53:53.687500
100 2.248625 0.534375 2023-10-30T16:53:53.687500
100 2.249750 0.534625 2023-10-30T16:53:53.687500
100 2.250000 0.534750 2023-10-30T16:53:53.687500
100 2.251750 0.534875 2023-10-30T16:53:53.687500
120 2.253250 0.535000 2023-10-30T16:54:00.203125
120 2.254875 0.535375 2023-10-30T16:54:00.203125
120 2.255875 0.535625 2023-10-30T16:54:00.203125
120 2.257125 0.536000 2023-10-30T16:54:00.218750
120 2.257875 0.536250 2023-10-30T16:54:00.218750
120 2.258750 0.536500 2023-10-30T16:54:00.218750
120 2.260375 0.536625 2023-10-30T16:54:00.218750
120 2.262375 0.537000 2023-10-30T16:54:00.218750
120 2.263500 0.537375 2023-10-30T16:54:00.218750
120 2.264875 0.537750 2023-10-30T16:54:00.218750
120 2.265000 0.538125 2023-10-30T16:54:00.218750
120 2.265500 0.538375 2023-10-30T16:54:00.218750
120 2.267750 0.538375 2023-10-30T16:54:00.218750
120 2.269250 0.538375 2023-10-30T16:54:00.218750
120 2.270875 0.539000 2023-10-30T16:54:00.218750
120 2.271625 0.539500 2023-10-30T16:54:00.218750
120 2.272500 0.539875 2023-10-30T16:54:00.218750
120 2.273125 0.539750 2023-10-30T16:54:00.218750
120 2.275000 0.540125 2023-10-30T16:54:00.218750
120 2.276750 0.540000 2023-10-30T16:54:00.218750
120 2.277875 0.540375 2023-10-30T16:54:00.218750
120 2.278875 0.540875 2023-10-30T16:54:00.218750
120 2.280000 0.541375 2023-10-30T16:54:00.218750
120 2.280375 0.541500 2023-10-30T16:54:00.218750
120 2.281500 0.541625 2023-10-30T16:54:00.218750
120 2.283125 0.542000 2023-10-30T16:54:00.218750
120 2.284875 0.542000 2023-10-30T16:54:00.218750
120 2.286000 0.542625 2023-10-30T16:54:00.218750
120 2.286875 0.542750 2023-10-30T16:54:00.218750
120 2.287375 0.543125 2023-10-30T16:54:00.218750
120 2.288750 0.543500 2023-10-30T16:54:00.218750
120 2.289625 0.543500 2023-10-30T16:54:00.218750
120 2.291750 0.543625 2023-10-30T16:54:00.234375
120 2.293250 0.544000 2023-10-30T16:54:00.234375
120 2.294000 0.544625 2023-10-30T16:54:00.234375
120 2.294875 0.544750 2023-10-30T16:54:00.234375
120 2.295000 0.545125 2023-10-30T16:54:00.234375
120 2.296500 0.545125 2023-10-30T16:54:00.234375
120 2.298500 0.545125 2023-10-30T16:54:00.234375
120 2.300125 0.545625 2023-10-30T16:54:00.234375
120 2.300750 0.546125 2023-10-30T16:54:00.234375
120 2.302000 0.546500 2023-10-30T16:54:00.234375
120 2.302000 0.546375 2023-10-30T16:54:00.234375
120 2.303375 0.546625 2023-10-30T16:54:00.234375
120 2.305125 0.546750 2023-10-30T16:54:00.234375
120 2.307125 0.547125 2023-10-30T16:54:00.234375
120 2.307625 0.547500 2023-10-30T16:54:00.234375
120 2.308625 0.547875 2023-10-30T16:54:00.234375
120 2.308875 0.548000 2023-10-30T16:54:00.234375
120 2.310125 0.548125 2023-10-30T16:54:00.234375
140 2.311250 0.548250 2023-10-30T16:54:06.750000
140 2.313250 0.548625 2023-10-30T16:54:06.750000
140 2.314625 0.548875 2023-10-30T16:54:06.750000
140 2.315125 0.549250 2023-10-30T16:54:06.750000
140 2.316125 0.549750 2023-10-30T16:54:06.750000
140 2.316500 0.549625 2023-10-30T16:54:06.750000
140 2.318125 0.549875 2023-10-30T16:54:06.750000
140 2.319500 0.550000 2023-10-30T16:54:06.750000
140 2.321375 0.550375 2023-10-30T16:54:06.750000
140 2.322250 0.550625 2023-10-30T16:54:06.750000
140 2.322750 0.551250 2023-10-30T16:54:06.750000
140 2.323375 0.551375 2023-10-30T16:54:06.765625
140 2.324750 0.551375 2023-10-30T16:54:06.765625
140 2.326000 0.551625 2023-10-30T16:54:06.765625
140 2.328250 0.551750 2023-10-30T16:54:06.765625
140 2.328875 0.552125 2023-10-30T16:54:06.765625
140 2.329750 0.552625 2023-10-30T16:54:06.765625
140 2.330000 0.552625 2023-10-30T16:54:06.765625
140 2.331125 0.552750 2023-10-30T16:54:06.765625
140 2.332875 0.553125 2023-10-30T16:54:06.765625
140 2.334750 0.553375 2023-10-30T16:54:06.765625
140 2.335625 0.553875 2023-10-30T16:54:06.765625
140 2.336875 0.554000 2023-10-30T16:54:06.765625
140 2.337125 0.554250 2023-10-30T16:54:06.765625
140 2.338250 0.554500 2023-10-30T16:54:06.765625
140 2.339125 0.554625 2023-10-30T16:54:06.765625
140 2.341000 0.554625 2023-10-30T16:54:06.765625
140 2.342375 0.555125 2023-10-30T16:54:06.765625
140 2.343500 0.555500 2023-10-30T16:54:06.765625
140 2.344500 0.555875 2023-10-30T16:54:06.765625
140 2.344500 0.556000 2023-10-30T16:54:06.765625
140 2.346250 0.556500 2023-10-30T16:54:06.765625
140 2.348000 0.556125 2023-10-30T16:54:06.765625
140 2.349375 0.556750 2023-10-30T16:54:06.765625
140 2.349750 0.557000 2023-10-30T16:54:06.765625
140 2.350750 0.557375 2023-10-30T16:54:06.765625
140 2.350875 0.557500 2023-10-30T16:54:06.765625
140 2.352875 0.557625 2023-10-30T16:54:06.765625
140 2.354500 0.557750 2023-10-30T16:54:06.765625
140 2.356125 0.558125 2023-10-30T16:54:06.765625
140 2.356750 0.558750 2023-10-30T16:54:06.781250
140 2.357625 0.559000 2023-10-30T16:54:06.781250
140 2.357875 0.559000 2023-10-30T16:54:06.781250
140 2.358875 0.559250 2023-10-30T16:54:06.781250
140 2.361000 0.559125 2023-10-30T16:54:06.781250
140 2.362250 0.559500 2023-10-30T16:54:06.781250
140 2.363250 0.559875 2023-10-30T16:54:06.781250
140 2.364125 0.560125 2023-10-30T16:54:06.781250
140 2.364875 0.560625 2023-10-30T16:54:06.781250
140 2.365500 0.560750 2023-10-30T16:54:06.781250
160 2.366750 0.560750 2023-10-30T16:54:13.296875
160 2.368500 0.561000 2023-10-30T16:54:13.296875
160 2.369875 0.561125 2023-10-30T16:54:13.296875
160 2.370625 0.561750 2023-10-30T16:54:13.296875
160 2.372000 0.562125 2023-10-30T16:54:13.296875
160 2.371750 0.562125 2023-10-30T16:54:13.296875
160 2.373000 0.562250 2023-10-30T16:54:13.296875
160 2.374375 0.562375 2023-10-30T16:54:13.296875
160 2.376250 0.562750 2023-10-30T16:54:13.296875
160 2.377500 0.563000 2023-10-30T16:54:13.296875
160 2.377875 0.563750 2023-10-30T16:54:13.296875
160 2.378125 0.563750 2023-10-30T16:54:13.296875
160 2.378875 0.563750 2023-10-30T16:54:13.296875
160 2.380500 0.563625 2023-10-30T16:54:13.296875
160 2.382625 0.564000 2023-10-30T16:54:13.296875
160 2.383500 0.564500 2023-10-30T16:54:13.296875
160 2.384250 0.564875 2023-10-30T16:54:13.312500
160 2.384750 0.565000 2023-10-30T16:54:13.312500
160 2.385375 0.565375 2023-10-30T16:54:13.312500
160 2.387250 0.565250 2023-10-30T16:54:13.312500
160 2.388500 0.565250 2023-10-30T16:54:13.312500
160 2.389750 0.565750 2023-10-30T16:54:13.312500
160 2.390375 0.566125 2023-10-30T16:54:13.312500
160 2.391250 0.566375 2023-10-30T16:54:13.312500
160 2.391250 0.566625 2023-10-30T16:54:13.312500
160 2.393000 0.566750 2023-10-30T16:54:13.312500
160 2.394125 0.567125 2023-10-30T16:54:13.312500
160 2.396250 0.567375 2023-10-30T16:54:13.312500
160 2.397000 0.567625 2023-10-30T16:54:13.312500
160 2.397500 0.568125 2023-10-30T16:54:13.312500
160 2.397625 0.568000 2023-10-30T16:54:13.312500
160 2.399125 0.568125 2023-10-30T16:54:13.312500
160 2.400875 0.568125 2023-10-30T16:54:13.312500
160 2.402500 0.568625 2023-10-30T16:54:13.312500
160 2.403250 0.569000 2023-10-30T16:54:13.312500
160 2.403625 0.569375 2023-10-30T16:54:13.312500
160 2.404125 0.569500 2023-10-30T16:54:13.312500
160 2.405000 0.569625 2023-10-30T16:54:13.312500
160 2.406625 0.569750 2023-10-30T16:54:13.312500
160 2.407875 0.569750 2023-10-30T16:54:13.312500
160 2.409000 0.570250 2023-10-30T16:54:13.312500
160 2.409750 0.570500 2023-10-30T16:54:13.312500
160 2.410375 0.570625 2023-10-30T16:54:13.312500
160 2.411000 0.570750 2023-10-30T16:54:13.312500
160 2.412000 0.570875 2023-10-30T16:54:13.312500
160 2.414000 0.571250 2023-10-30T16:54:13.328125
160 2.415250 0.571625 2023-10-30T16:54:13.328125
160 2.416000 0.571875 2023-10-30T16:54:13.328125
160 2.416625 0.572125 2023-10-30T16:54:13.328125
160 2.416625 0.572125 2023-10-30T16:54:13.328125
180 2.418250 0.572375 2023-10-30T16:54:19.843750
180 2.419500 0.572375 2023-10-30T16:54:19.843750
180 2.421125 0.573000 2023-10-30T16:54:19.843750
180 2.422000 0.573250 2023-10-30T16:54:19.843750
180 2.422625 0.573500 2023-10-30T16:54:19.843750
180 2.422750 0.573625 2023-10-30T16:54:19.843750
180 2.424000 0.574000 2023-10-30T16:54:19.843750
180 2.425625 0.573875 2023-10-30T16:54:19.843750
180 2.427250 0.574250 2023-10-30T16:54:19.843750
180 2.427750 0.574375 2023-10-30T16:54:19.843750
180 2.428500 0.574875 2023-10-30T16:54:19.843750
180 2.429000 0.574875 2023-10-30T16:54:19.843750
180 2.429875 0.575125 2023-10-30T16:54:19.843750
180 2.431625 0.575375 2023-10-30T16:54:19.843750
180 2.433375 0.575500 2023-10-30T16:54:19.843750
180 2.433875 0.575875 2023-10-30T16:54:19.843750
180 2.434750 0.576125 2023-10-30T16:54:19.843750
180 2.435125 0.576375 2023-10-30T16:54:19.843750
180 2.435500 0.576375 2023-10-30T16:54:19.843750
180 2.437000 0.576750 2023-10-30T16:54:19.843750
180 2.438750 0.576750 2023-10-30T16:54:19.843750
180 2.439750 0.577000 2023-10-30T16:54:19.843750
180 2.441125 0.577500 2023-10-30T16:54:19.843750
180 2.441500 0.577750 2023-10-30T16:54:19.843750
180 2.441375 0.578000 2023-10-30T16:54:19.859375
180 2.442625 0.578000 2023-10-30T16:54:19.859375
180 2.444000 0.578000 2023-10-30T16:54:19.859375
180 2.446125 0.578250 2023-10-30T16:54:19.859375
180 2.446125 0.578625 2023-10-30T16:54:19.859375
180 2.447125 0.579000 2023-10-30T16:54:19.859375
180 2.446875 0.579000 2023-10-30T16:54:19.859375
180 2.447875 0.579250 2023-10-30T16:54:19.859375
180 2.449625 0.579500 2023-10-30T16:54:19.859375
180 2.451500 0.579625 2023-10-30T16:54:19.859375
180 2.452125 0.580000 2023-10-30T16:54:19.859375
180 2.453000 0.580250 2023-10-30T16:54:19.859375
180 2.453375 0.580500 2023-10-30T16:54:19.859375
180 2.454500 0.580625 2023-10-30T16:54:19.859375
180 2.455500 0.580500 2023-10-30T16:54:19.859375
180 2.457000 0.580625 2023-10-30T16:54:19.859375
180 2.458000 0.581125 2023-10-30T16:54:19.859375
180 2.459000 0.581750 2023-10-30T16:54:19.859375
180 2.459125 0.581875 2023-10-30T16:54:19.859375
180 2.459625 0.582000 2023-10-30T16:54:19.859375
180 2.461000 0.582000 2023-10-30T16:54:19.859375
180 2.462250 0.582000 2023-10-30T16:54:19.859375
180 2.463875 0.582375 2023-10-30T16:54:19.859375
180 2.464250 0.582750 2023-10-30T16:54:19.859375
180 2.465125 0.583125 2023-10-30T16:54:19.859375
180 2.465250 0.583250 2023-10-30T16:54:19.859375
200 2.466250 0.583250 2023-10-30T16:54:26.375000
200 2.467500 0.583375 2023-10-30T16:54:26.375000
200 2.469125 0.583750 2023-10-30T16:54:26.375000
200 2.469625 0.583625 2023-10-30T16:54:26.375000
200 2.470625 0.584250 2023-10-30T16:54:26.390625
200 2.470500 0.584250 2023-10-30T16:54:26.390625
200 2.471500 0.584375 2023-10-30T16:54:26.390625
200 2.472500 0.584375 2023-10-30T16:54:26.390625
200 2.473625 0.584625 2023-10-30T16:54:26.390625
200 2.474000 0.584875 2023-10-30T16:54:26.390625
200 2.474375 0.585125 2023-10-30T16:54:26.390625
200 2.474500 0.585375 2023-10-30T16:54:26.390625
200 2.474375 0.585125 2023-10-30T16:54:26.390625
200 2.475250 0.585125 2023-10-30T16:54:26.390625
200 2.476000 0.584875 2023-10-30T16:54:26.390625
200 2.476875 0.585125 2023-10-30T16:54:26.390625
200 2.476375 0.585375 2023-10-30T16:54:26.390625
200 2.476000 0.585750 2023-10-30T16:54:26.390625
200 2.475250 0.585375 2023-10-30T16:54:26.390625
200 2.475875 0.585250 2023-10-30T16:54:26.390625
200 2.476375 0.585125 2023-10-30T16:54:26.390625
200 2.477375 0.585250 2023-10-30T16:54:26.390625
200 2.476375 0.585500 2023-10-30T16:54:26.390625
200 2.476625 0.585500 2023-10-30T16:54:26.390625
200 2.475375 0.585250 2023-10-30T16:54:26.390625
200 2.475500 0.585250 2023-10-30T16:54:26.390625
200 2.476000 0.585375 2023-10-30T16:54:26.390625
200 2.476750 0.585375 2023-10-30T16:54:26.390625
200 2.476500 0.585375 2023-10-30T16:54:26.390625
200 2.476625 0.585500 2023-10-30T16:54:26.390625
200 2.476000 0.585625 2023-10-30T16:54:26.390625
200 2.475375 0.585250 2023-10-30T16:54:26.390625
200 2.475750 0.585000 2023-10-30T16:54:26.390625
200 2.476125 0.585125 2023-10-30T16:54:26.390625
200 2.477000 0.585375 2023-10-30T16:54:26.406250
200 2.476125 0.585500 2023-10-30T16:54:26.406250
200 2.476250 0.585625 2023-10-30T16:54:26.406250
200 2.475500 0.585250 2023-10-30T16:54:26.406250
200 2.475875 0.585250 2023-10-30T16:54:26.406250
200 2.476375 0.585125 2023-10-30T16:54:26.406250
200 2.476875 0.585250 2023-10-30T16:54:26.406250
200 2.476250 0.585500 2023-10-30T16:54:26.406250
200 2.476250 0.585625 2023-10-30T16:54:26.406250
200 2.475500 0.585375 2023-10-30T16:54:26.406250
200 2.475875 0.585250 2023-10-30T16:54:26.406250
200 2.476125 0.585250 2023-10-30T16:54:26.406250
200 2.476875 0.585250 2023-10-30T16:54:26.406250
200 2.476625 0.585375 2023-10-30T16:54:26.406250
200 2.476375 0.585625 2023-10-30T16:54:26.406250
200 2.475500 0.585375 2023-10-30T16:54:26.406250
220 2.475375 0.585250 2023-10-30T16:54:32.921875
220 2.475375 0.585000 2023-10-30T16:54:32.921875
220 2.475375 0.584750 2023-10-30T16:54:32.921875
220 2.474875 0.584875 2023-10-30T16:54:32.921875
220 2.474000 0.584750 2023-10-30T16:54:32.921875
220 2.473500 0.584875 2023-10-30T16:54:32.921875
220 2.472375 0.584625 2023-10-30T16:54:32.921875
220 2.472125 0.584625 2023-10-30T16:54:32.937500
220 2.471625 0.583875 2023-10-30T16:54:32.937500
220 2.471625 0.583875 2023-10-30T16:54:32.937500
220 2.470000 0.583875 2023-10-30T16:54:32.937500
220 2.469000 0.583875 2023-10-30T16:54:32.937500
220 2.467500 0.583375 2023-10-30T16:54:32.937500
220 2.466500 0.583375 2023-10-30T16:54:32.937500
220 2.466125 0.583000 2023-10-30T16:54:32.937500
220 2.466000 0.582625 2023-10-30T16:54:32.937500
220 2.465125 0.582875 2023-10-30T16:54:32.937500
220 2.464375 0.582750 2023-10-30T16:54:32.937500
220 2.463000 0.582500 2023-10-30T16:54:32.937500
220 2.462500 0.582375 2023-10-30T16:54:32.937500
220 2.462750 0.582250 2023-10-30T16:54:32.937500
220 2.462625 0.582000 2023-10-30T16:54:32.937500
220 2.462625 0.582250 2023-10-30T16:54:32.937500
220 2.461750 0.582125 2023-10-30T16:54:32.937500
220 2.461250 0.582375 2023-10-30T16:54:32.937500
220 2.460375 0.582250 2023-10-30T16:54:32.937500
220 2.461125 0.582000 2023-10-30T16:54:32.937500
220 2.461375 0.581750 2023-10-30T16:54:32.937500
220 2.461625 0.582000 2023-10-30T16:54:32.937500
220 2.461125 0.582125 2023-10-30T16:54:32.937500
220 2.461125 0.582125 2023-10-30T16:54:32.937500
220 2.460750 0.582000 2023-10-30T16:54:32.937500
220 2.460750 0.582000 2023-10-30T16:54:32.937500
220 2.461375 0.581875 2023-10-30T16:54:32.937500
220 2.462500 0.581750 2023-10-30T16:54:32.937500
220 2.462000 0.582000 2023-10-30T16:54:32.937500
220 2.461375 0.582250 2023-10-30T16:54:32.953125
220 2.460625 0.582125 2023-10-30T16:54:32.953125
220 2.460750 0.581875 2023-10-30T16:54:32.953125
220 2.461000 0.581875 2023-10-30T16:54:32.953125
220 2.461625 0.581875 2023-10-30T16:54:32.953125
220 2.461625 0.582000 2023-10-30T16:54:32.953125
220 2.461750 0.582000 2023-10-30T16:54:32.953125
220 2.461125 0.582375 2023-10-30T16:54:32.953125
220 2.460375 0.582000 2023-10-30T16:54:32.953125
220 2.461125 0.581875 2023-10-30T16:54:32.953125
220 2.461625 0.581750 2023-10-30T16:54:32.953125
220 2.461750 0.582000 2023-10-30T16:54:32.953125
220 2.461750 0.582000 2023-10-30T16:54:32.953125
220 2.461000 0.582250 2023-10-30T16:54:32.953125
240 2.460750 0.582000 2023-10-30T16:54:39.468750
240 2.461000 0.582000 2023-10-30T16:54:39.468750
240 2.461250 0.581750 2023-10-30T16:54:39.468750
240 2.462000 0.582250 2023-10-30T16:54:39.468750
240 2.461375 0.582125 2023-10-30T16:54:39.468750
240 2.461125 0.582000 2023-10-30T16:54:39.468750
240 2.460125 0.582125 2023-10-30T16:54:39.468750
240 2.460500 0.581875 2023-10-30T16:54:39.468750
240 2.461375 0.581750 2023-10-30T16:54:39.468750
240 2.462000 0.582125 2023-10-30T16:54:39.468750
240 2.462250 0.582250 2023-10-30T16:54:39.484375
240 2.462125 0.582500 2023-10-30T16:54:39.484375
240 2.461500 0.582375 2023-10-30T16:54:39.484375
240 2.461750 0.582250 2023-10-30T16:54:39.484375
240 2.462375 0.582125 2023-10-30T16:54:39.484375
240 2.463250 0.582000 2023-10-30T16:54:39.484375
240 2.463500 0.582500 2023-10-30T16:54:39.484375
240 2.463625 0.582625 2023-10-30T16:54:39.484375
240 2.463250 0.582750 2023-10-30T16:54:39.484375
240 2.463375 0.582750 2023-10-30T16:54:39.484375
240 2.463750 0.582500 2023-10-30T16:54:39.484375
240 2.464375 0.582500 2023-10-30T16:54:39.484375
240 2.465000 0.582875 2023-10-30T16:54:39.484375
240 2.465000 0.582875 2023-10-30T16:54:39.484375
240 2.465000 0.583000 2023-10-30T16:54:39.484375
240 2.464375 0.583000 2023-10-30T16:54:39.484375
240 2.465250 0.583000 2023-10-30T16:54:39.484375
240 2.466000 0.583000 2023-10-30T16:54:39.484375
240 2.466500 0.583000 2023-10-30T16:54:39.484375
240 2.466375 0.583125 2023-10-30T16:54:39.484375
240 2.466250 0.583500 2023-10-30T16:54:39.484375
240 2.465750 0.583250 2023-10-30T16:54:39.484375
240 2.466000 0.583250 2023-10-30T16:54:39.484375
240 2.466625 0.583125 2023-10-30T16:54:39.484375
240 2.467625 0.583000 2023-10-30T16:54:39.484375
240 2.467500 0.583375 2023-10-30T16:54:39.484375
240 2.468000 0.583625 2023-10-30T16:54:39.484375
240 2.467500 0.583500 2023-10-30T16:54:39.484375
240 2.467750 0.583625 2023-10-30T16:54:39.484375
240 2.468125 0.583375 2023-10-30T16:54:39.500000
240 2.468625 0.583750 2023-10-30T16:54:39.500000
240 2.469125 0.583625 2023-10-30T16:54:39.500000
240 2.469250 0.583500 2023-10-30T16:54:39.500000
240 2.468250 0.583875 2023-10-30T16:54:39.500000
240 2.468000 0.583625 2023-10-30T16:54:39.500000
240 2.469000 0.583750 2023-10-30T16:54:39.500000
240 2.469125 0.583625 2023-10-30T16:54:39.500000
240 2.462875 0.582375 2023-10-30T16:54:39.500000
260 2.463375 0.582250 2023-10-30T16:54:46.015625
260 2.463875 0.582125 2023-10-30T16:54:46.015625
260 2.464625 0.582125 2023-10-30T16:54:46.015625
260 2.464125 0.582375 2023-10-30T16:54:46.015625
260 2.464000 0.582500 2023-10-30T16:54:46.015625
260 2.462875 0.582375 2023-10-30T16:54:46.015625
260 2.463375 0.582250 2023-10-30T16:54:46.015625
260 2.463875 0.582125 2023-10-30T16:54:46.015625
260 2.464625 0.582125 2023-10-30T16:54:46.015625
260 2.464125 0.582375 2023-10-30T16:54:46.015625
260 2.464000 0.582500 2023-10-30T16:54:46.015625
260 2.462875 0.582375 2023-10-30T16:54:46.015625
260 2.463125 0.582250 2023-10-30T16:54:46.015625
260 2.463625 0.582000 2023-10-30T16:54:46.015625
260 2.464750 0.582125 2023-10-30T16:54:46.015625
260 2.464000 0.582250 2023-10-30T16:54:46.031250
260 2.463875 0.582500 2023-10-30T16:54:46.031250
260 2.463625 0.582375 2023-10-30T16:54:46.031250
260 2.463000 0.582125 2023-10-30T16:54:46.031250
260 2.464125 0.582500 2023-10-30T16:54:46.031250
260 2.465125 0.582375 2023-10-30T16:54:46.031250
260 2.465375 0.582375 2023-10-30T16:54:46.031250
260 2.465500 0.582750 2023-10-30T16:54:46.031250
260 2.466000 0.582875 2023-10-30T16:54:46.031250
260 2.465625 0.583000 2023-10-30T16:54:46.031250
260 2.466875 0.582875 2023-10-30T16:54:46.031250
260 2.468000 0.583125 2023-10-30T16:54:46.031250
260 2.469375 0.583250 2023-10-30T16:54:46.031250
260 2.469625 0.583500 2023-10-30T16:54:46.031250
260 2.470250 0.584000 2023-10-30T16:54:46.031250
260 2.470625 0.584000 2023-10-30T16:54:46.031250
260 2.471625 0.584125 2023-10-30T16:54:46.031250
260 2.472750 0.584250 2023-10-30T16:54:46.031250
260 2.474500 0.584500 2023-10-30T16:54:46.031250
260 2.475500 0.585000 2023-10-30T16:54:46.031250
260 2.476750 0.585250 2023-10-30T16:54:46.031250
260 2.477125 0.585750 2023-10-30T16:54:46.031250
260 2.478125 0.585750 2023-10-30T16:54:46.031250
260 2.479250 0.586000 2023-10-30T16:54:46.031250
260 2.481875 0.586125 2023-10-30T16:54:46.031250
260 2.483875 0.586750 2023-10-30T16:54:46.031250
260 2.484875 0.587125 2023-10-30T16:54:46.031250
260 2.486250 0.587625 2023-10-30T16:54:46.031250
260 2.486750 0.587875 2023-10-30T16:54:46.031250
260 2.488750 0.588125 2023-10-30T16:54:46.031250
260 2.491375 0.588375 2023-10-30T16:54:46.046875
260 2.494000 0.588875 2023-10-30T16:54:46.046875
260 3 0.631750 2023-10-30T16:54:46.046875
280 2.732125 0.631875 2023-10-30T16:54:52.562500
280 2.731875 0.632125 2023-10-30T16:54:52.562500
280 2.731125 0.631875 2023-10-30T16:54:52.562500
280 2.731750 0.631750 2023-10-30T16:54:52.562500
280 2.732250 0.631500 2023-10-30T16:54:52.562500
280 2.732625 0.631750 2023-10-30T16:54:52.562500
280 2.732125 0.631875 2023-10-30T16:54:52.562500
280 2.731875 0.632125 2023-10-30T16:54:52.562500
280 2.731125 0.631875 2023-10-30T16:54:52.562500
280 2.731750 0.631750 2023-10-30T16:54:52.562500
280 2.732250 0.631500 2023-10-30T16:54:52.562500
280 2.732625 0.631750 2023-10-30T16:54:52.562500
280 2.732625 0.631875 2023-10-30T16:54:52.562500
280 2.731875 0.632000 2023-10-30T16:54:52.562500
280 2.731125 0.631875 2023-10-30T16:54:52.562500
280 2.731375 0.631875 2023-10-30T16:54:52.562500
280 2.731875 0.631875 2023-10-30T16:54:52.562500
280 2.732875 0.631625 2023-10-30T16:54:52.562500
280 2.732125 0.631875 2023-10-30T16:54:52.562500
280 2.731875 0.631875 2023-10-30T16:54:52.562500
280 2.730750 0.631875 2023-10-30T16:54:52.562500
280 2.731875 0.631750 2023-10-30T16:54:52.562500
280 2.731750 0.631500 2023-10-30T16:54:52.578125
280 2.732500 0.631625 2023-10-30T16:54:52.578125
280 2.731875 0.631625 2023-10-30T16:54:52.578125
280 2.732125 0.631750 2023-10-30T16:54:52.578125
280 2.731375 0.631750 2023-10-30T16:54:52.578125
280 2.730750 0.631500 2023-10-30T16:54:52.578125
280 2.731000 0.631375 2023-10-30T16:54:52.578125
280 2.731500 0.631000 2023-10-30T16:54:52.578125
280 2.731750 0.631375 2023-10-30T16:54:52.578125
280 2.731500 0.631375 2023-10-30T16:54:52.578125
280 2.731125 0.631375 2023-10-30T16:54:52.578125
280 2.730125 0.631375 2023-10-30T16:54:52.578125
280 2.730250 0.631125 2023-10-30T16:54:52.578125
280 2.730500 0.631000 2023-10-30T16:54:52.578125
280 2.731250 0.630875 2023-10-30T16:54:52.578125
280 2.730500 0.631000 2023-10-30T16:54:52.578125
280 2.730125 0.631000 2023-10-30T16:54:52.578125
280 2.728875 0.630875 2023-10-30T16:54:52.578125
280 2.729000 0.630625 2023-10-30T16:54:52.578125
280 2.729125 0.630500 2023-10-30T16:54:52.578125
280 2.729500 0.630625 2023-10-30T16:54:52.578125
280 2.729125 0.630625 2023-10-30T16:54:52.578125
280 2.729000 0.630375 2023-10-30T16:54:52.578125
280 2.727750 0.630000 2023-10-30T16:54:52.578125
280 2.727125 0.630125 2023-10-30T16:54:52.578125
280 2.396750 0.536125 2023-10-30T16:54:52.578125
300 2.396875 0.536000 2023-10-30T16:54:59.109375
300 2.397625 0.536125 2023-10-30T16:54:59.109375
300 2.397375 0.536250 2023-10-30T16:54:59.109375
300 2.397250 0.536375 2023-10-30T16:54:59.109375
300 2.396375 0.536375 2023-10-30T16:54:59.109375
300 2.396750 0.536125 2023-10-30T16:54:59.109375
300 2.396875 0.536000 2023-10-30T16:54:59.109375
300 2.397625 0.536125 2023-10-30T16:54:59.109375
300 2.397375 0.536250 2023-10-30T16:54:59.109375
300 2.397250 0.536375 2023-10-30T16:54:59.109375
300 2.396375 0.536375 2023-10-30T16:54:59.109375
300 2.397000 0.536250 2023-10-30T16:54:59.109375
300 2.396625 0.536125 2023-10-30T16:54:59.109375
300 2.397250 0.535875 2023-10-30T16:54:59.109375
300 2.397625 0.536250 2023-10-30T16:54:59.109375
300 2.396750 0.536250 2023-10-30T16:54:59.109375
300 2.396625 0.536250 2023-10-30T16:54:59.109375
300 2.395375 0.536125 2023-10-30T16:54:59.109375
300 2.395750 0.536000 2023-10-30T16:54:59.109375
300 2.395875 0.536000 2023-10-30T16:54:59.109375
300 2.395750 0.535625 2023-10-30T16:54:59.109375
300 2.394750 0.535875 2023-10-30T16:54:59.109375
300 2.394375 0.535500 2023-10-30T16:54:59.109375
300 2.392750 0.535375 2023-10-30T16:54:59.109375
300 2.392375 0.535000 2023-10-30T16:54:59.109375
300 2.391875 0.534625 2023-10-30T16:54:59.109375
300 2.391750 0.534625 2023-10-30T16:54:59.109375
300 2.390750 0.534375 2023-10-30T16:54:59.125000
300 2.389500 0.534250 2023-10-30T16:54:59.125000
300 2.388000 0.534000 2023-10-30T16:54:59.125000
300 2.386875 0.533625 2023-10-30T16:54:59.125000
300 2.386250 0.533250 2023-10-30T16:54:59.125000
300 2.385125 0.532750 2023-10-30T16:54:59.125000
300 2.384375 0.532375 2023-10-30T16:54:59.125000
300 2.382375 0.532125 2023-10-30T16:54:59.125000
300 2.381125 0.531875 2023-10-30T16:54:59.125000
300 2.378750 0.531375 2023-10-30T16:54:59.125000
300 2.377625 0.530875 2023-10-30T16:54:59.125000
300 2.376125 0.530250 2023-10-30T16:54:59.125000
300 2.375500 0.530000 2023-10-30T16:54:59.125000
300 2.372750 0.529375 2023-10-30T16:54:59.125000
300 2.371375 0.529250 2023-10-30T16:54:59.125000
300 2.368500 0.528500 2023-10-30T16:54:59.125000
300 2.366750 0.527750 2023-10-30T16:54:59.125000
300 2.365625 0.527250 2023-10-30T16:54:59.125000
300 2.364250 0.526625 2023-10-30T16:54:59.125000
300 2.362500 0.526375 2023-10-30T16:54:59.125000
300 2.360250 0.526000 2023-10-30T16:54:59.125000
300 1.627375 0.335875 2023-10-30T16:54:59.125000
320 1.627000 0.335875 2023-10-30T16:55:05.640625
320 1.626250 0.335750 2023-10-30T16:55:05.640625
320 1.626875 0.335625 2023-10-30T16:55:05.640625
320 1.627375 0.335500 2023-10-30T16:55:05.640625
320 1.627375 0.335750 2023-10-30T16:55:05.656250
320 1.627375 0.335875 2023-10-30T16:55:05.656250
320 1.627000 0.335875 2023-10-30T16:55:05.656250
320 1.626250 0.335750 2023-10-30T16:55:05.656250
320 1.626875 0.335625 2023-10-30T16:55:05.656250
320 1.627375 0.335500 2023-10-30T16:55:05.656250
320 1.627625 0.335625 2023-10-30T16:55:05.656250
320 1.627375 0.335500 2023-10-30T16:55:05.656250
320 1.627000 0.335875 2023-10-30T16:55:05.656250
320 1.626375 0.335500 2023-10-30T16:55:05.656250
320 1.626125 0.335500 2023-10-30T16:55:05.656250
320 1.626500 0.335375 2023-10-30T16:55:05.656250
320 1.626750 0.335250 2023-10-30T16:55:05.656250
320 1.626125 0.335375 2023-10-30T16:55:05.656250
320 1.625625 0.335500 2023-10-30T16:55:05.656250
320 1.624250 0.335125 2023-10-30T16:55:05.656250
320 1.622875 0.334625 2023-10-30T16:55:05.656250
320 1.622500 0.334375 2023-10-30T16:55:05.656250
320 1.622250 0.334125 2023-10-30T16:55:05.656250
320 1.621625 0.333875 2023-10-30T16:55:05.656250
320 1.619750 0.333625 2023-10-30T16:55:05.656250
320 1.618125 0.333625 2023-10-30T16:55:05.656250
320 1.615750 0.333250 2023-10-30T16:55:05.656250
320 1.615125 0.332500 2023-10-30T16:55:05.656250
320 1.613750 0.332250 2023-10-30T16:55:05.656250
320 1.612625 0.331750 2023-10-30T16:55:05.656250
320 1.610375 0.331375 2023-10-30T16:55:05.656250
320 1.608375 0.331000 2023-10-30T16:55:05.656250
320 1.605875 0.330500 2023-10-30T16:55:05.671875
320 1.603750 0.329875 2023-10-30T16:55:05.671875
320 1.601625 0.329125 2023-10-30T16:55:05.671875
320 1.600000 0.328500 2023-10-30T16:55:05.671875
320 1.597500 0.328125 2023-10-30T16:55:05.671875
320 1.594625 0.327375 2023-10-30T16:55:05.671875
320 1.591500 0.326875 2023-10-30T16:55:05.671875
320 1.588375 0.326125 2023-10-30T16:55:05.671875
320 1.585875 0.325125 2023-10-30T16:55:05.671875
320 1.583125 0.324375 2023-10-30T16:55:05.671875
320 1.580500 0.323750 2023-10-30T16:55:05.671875
320 1.577000 0.323250 2023-10-30T16:55:05.671875
320 1.573375 0.322500 2023-10-30T16:55:05.671875
320 1.570000 0.321500 2023-10-30T16:55:05.671875
320 1.567000 0.320875 2023-10-30T16:55:05.671875
320 0.711875 0.127500 2023-10-30T16:55:05.671875
320 0.711625 0.127625 2023-10-30T16:55:05.671875
340 0.711500 0.127875 2023-10-30T16:55:12.187500
340 0.711000 0.127500 2023-10-30T16:55:12.187500
340 0.711500 0.127375 2023-10-30T16:55:12.187500
340 0.711875 0.127500 2023-10-30T16:55:12.187500
340 0.711625 0.127625 2023-10-30T16:55:12.203125
340 0.711500 0.127875 2023-10-30T16:55:12.203125
340 0.710625 0.127625 2023-10-30T16:55:12.203125
340 0.711250 0.127625 2023-10-30T16:55:12.203125
340 0.711375 0.127125 2023-10-30T16:55:12.203125
340 0.712125 0.127375 2023-10-30T16:55:12.203125
340 0.711875 0.127500 2023-10-30T16:55:12.203125
340 0.711500 0.127500 2023-10-30T16:55:12.203125
340 0.710625 0.127625 2023-10-30T16:55:12.203125
340 0.710375 0.127250 2023-10-30T16:55:12.203125
340 0.710125 0.127125 2023-10-30T16:55:12.203125
340 0.710375 0.127000 2023-10-30T16:55:12.203125
340 0.709750 0.127000 2023-10-30T16:55:12.203125
340 0.708750 0.126875 2023-10-30T16:55:12.203125
340 0.707000 0.126750 2023-10-30T16:55:12.203125
340 0.706000 0.126250 2023-10-30T16:55:12.203125
340 0.705375 0.126125 2023-10-30T16:55:12.203125
340 0.705125 0.125750 2023-10-30T16:55:12.203125
340 0.703875 0.125625 2023-10-30T16:55:12.203125
340 0.702375 0.125375 2023-10-30T16:55:12.203125
340 0.700750 0.125250 2023-10-30T16:55:12.203125
340 0.698375 0.124750 2023-10-30T16:55:12.203125
340 0.697000 0.124375 2023-10-30T16:55:12.203125
340 0.695750 0.123750 2023-10-30T16:55:12.203125
340 0.694625 0.123500 2023-10-30T16:55:12.203125
340 0.692500 0.123375 2023-10-30T16:55:12.203125
340 0.690375 0.123000 2023-10-30T16:55:12.203125
340 0.687250 0.122375 2023-10-30T16:55:12.203125
340 0.685750 0.122000 2023-10-30T16:55:12.203125
340 0.683750 0.121375 2023-10-30T16:55:12.218750
340 0.682000 0.121000 2023-10-30T16:55:12.218750
340 0.679250 0.120500 2023-10-30T16:55:12.218750
340 0.676750 0.120125 2023-10-30T16:55:12.218750
340 0.673625 0.119250 2023-10-30T16:55:12.218750
340 0.670375 0.118875 2023-10-30T16:55:12.218750
340 0.668125 0.118000 2023-10-30T16:55:12.218750
340 0.666125 0.117500 2023-10-30T16:55:12.218750
340 0.663125 0.116875 2023-10-30T16:55:12.218750
340 0.660125 0.116375 2023-10-30T16:55:12.218750
340 0.657125 0.116000 2023-10-30T16:55:12.218750
340 0.653375 0.115250 2023-10-30T16:55:12.218750
340 0.088000 0.008250 2023-10-30T16:55:12.218750
340 0.088125 0.008375 2023-10-30T16:55:12.218750
340 0.087375 0.008375 2023-10-30T16:55:12.218750
340 0.087375 0.008250 2023-10-30T16:55:12.218750
