ANGLE A0 A1 DATETIME
0 1.982750 0.510625 2023-10-30T16:09:31.453125
0 1.945500 0.551875 2023-10-30T16:09:31.453125
0 2.112250 0.539500 2023-10-30T16:09:31.453125
0 2.011125 0.508500 2023-10-30T16:09:31.453125
0 1.920375 0.550375 2023-10-30T16:09:31.453125
0 2.116500 0.546250 2023-10-30T16:09:31.453125
0 2.045500 0.510500 2023-10-30T16:09:31.453125
0 1.899500 0.546750 2023-10-30T16:09:31.453125
0 2.103500 0.549875 2023-10-30T16:09:31.453125
0 2.065250 0.514250 2023-10-30T16:09:31.453125
0 1.898625 0.543375 2023-10-30T16:09:31.453125
0 2.094875 0.555375 2023-10-30T16:09:31.468750
0 2.093625 0.520750 2023-10-30T16:09:31.468750
0 1.913250 0.537375 2023-10-30T16:09:31.468750
0 2.068875 0.558375 2023-10-30T16:09:31.468750
0 2.109875 0.527250 2023-10-30T16:09:31.468750
0 1.939500 0.530000 2023-10-30T16:09:31.468750
0 2.048375 0.561375 2023-10-30T16:09:31.468750
0 2.130250 0.534750 2023-10-30T16:09:31.468750
0 1.974250 0.523375 2023-10-30T16:09:31.468750
0 2.005125 0.561125 2023-10-30T16:09:31.468750
0 2.133750 0.541875 2023-10-30T16:09:31.468750
0 2.006875 0.517750 2023-10-30T16:09:31.468750
0 1.973750 0.561125 2023-10-30T16:09:31.468750
0 2.141125 0.549500 2023-10-30T16:09:31.468750
0 2.042000 0.517000 2023-10-30T16:09:31.468750
0 1.938875 0.558125 2023-10-30T16:09:31.468750
0 2.128375 0.554125 2023-10-30T16:09:31.468750
0 2.060875 0.518750 2023-10-30T16:09:31.468750
0 1.920375 0.555125 2023-10-30T16:09:31.468750
0 2.109375 0.560250 2023-10-30T16:09:31.468750
0 2.075875 0.524000 2023-10-30T16:09:31.468750
0 1.911250 0.550000 2023-10-30T16:09:31.468750
0 2.074250 0.563750 2023-10-30T16:09:31.468750
0 2.075500 0.529250 2023-10-30T16:09:31.468750
0 1.918750 0.544625 2023-10-30T16:09:31.468750
0 2.051875 0.567625 2023-10-30T16:09:31.468750
0 2.088875 0.536375 2023-10-30T16:09:31.468750
0 1.941750 0.537750 2023-10-30T16:09:31.468750
0 2.022750 0.568875 2023-10-30T16:09:31.468750
0 2.098250 0.542625 2023-10-30T16:09:31.468750
0 1.970875 0.530250 2023-10-30T16:09:31.484375
0 2.004000 0.570000 2023-10-30T16:09:31.484375
0 2.120250 0.550125 2023-10-30T16:09:31.484375
0 2.007125 0.526625 2023-10-30T16:09:31.484375
0 1.979000 0.568250 2023-10-30T16:09:31.484375
0 2.127625 0.555625 2023-10-30T16:09:31.484375
0 2.041625 0.523875 2023-10-30T16:09:31.484375
0 1.957000 0.565875 2023-10-30T16:09:31.484375
0 2.138750 0.562500 2023-10-30T16:09:31.484375
20 2.080000 0.526500 2023-10-30T16:09:38
20 1.943625 0.562250 2023-10-30T16:09:38
20 2.133000 0.566375 2023-10-30T16:09:38
20 2.106875 0.530500 2023-10-30T16:09:38
20 1.949625 0.557250 2023-10-30T16:09:38
20 2.133625 0.571500 2023-10-30T16:09:38
20 2.144000 0.537500 2023-10-30T16:09:38
20 1.971250 0.550875 2023-10-30T16:09:38
20 2.112375 0.573500 2023-10-30T16:09:38
20 2.160125 0.543250 2023-10-30T16:09:38
20 1.997500 0.543750 2023-10-30T16:09:38
20 2.093625 0.576000 2023-10-30T16:09:38
20 2.178625 0.550375 2023-10-30T16:09:38
20 2.029000 0.537750 2023-10-30T16:09:38
20 2.055500 0.575125 2023-10-30T16:09:38
20 2.178500 0.555125 2023-10-30T16:09:38
20 2.053250 0.532375 2023-10-30T16:09:38
20 2.025875 0.575125 2023-10-30T16:09:38
20 2.184250 0.562875 2023-10-30T16:09:38.015625
20 2.087875 0.531250 2023-10-30T16:09:38.015625
20 1.990500 0.571500 2023-10-30T16:09:38.015625
20 2.174250 0.567375 2023-10-30T16:09:38.015625
20 2.110625 0.532250 2023-10-30T16:09:38.015625
20 1.978500 0.567750 2023-10-30T16:09:38.015625
20 2.173125 0.573000 2023-10-30T16:09:38.015625
20 2.148250 0.537250 2023-10-30T16:09:38.015625
20 1.982000 0.562125 2023-10-30T16:09:38.015625
20 2.162250 0.575625 2023-10-30T16:09:38.015625
20 2.174250 0.542250 2023-10-30T16:09:38.015625
20 2.002625 0.556000 2023-10-30T16:09:38.015625
20 2.151750 0.579125 2023-10-30T16:09:38.015625
20 2.198625 0.549000 2023-10-30T16:09:38.015625
20 2.028875 0.549375 2023-10-30T16:09:38.015625
20 2.114250 0.579625 2023-10-30T16:09:38.015625
20 2.199125 0.554875 2023-10-30T16:09:38.015625
20 2.054875 0.542500 2023-10-30T16:09:38.015625
20 2.080750 0.580875 2023-10-30T16:09:38.015625
20 2.199625 0.562375 2023-10-30T16:09:38.015625
20 2.074750 0.538875 2023-10-30T16:09:38.015625
20 2.026125 0.579500 2023-10-30T16:09:38.015625
20 2.156750 0.568250 2023-10-30T16:09:38.015625
20 2.064125 0.537250 2023-10-30T16:09:38.015625
20 1.982125 0.578250 2023-10-30T16:09:38.015625
20 2.111875 0.575125 2023-10-30T16:09:38.015625
20 2.056250 0.540250 2023-10-30T16:09:38.015625
20 1.952500 0.574375 2023-10-30T16:09:38.015625
20 2.080000 0.581000 2023-10-30T16:09:38.015625
20 2.061750 0.545500 2023-10-30T16:09:38.031250
20 1.953375 0.571500 2023-10-30T16:09:38.031250
20 2.070750 0.586750 2023-10-30T16:09:38.031250
40 2.077125 0.552625 2023-10-30T16:09:44.546875
40 1.964875 0.565125 2023-10-30T16:09:44.546875
40 2.051625 0.589625 2023-10-30T16:09:44.546875
40 2.088625 0.559500 2023-10-30T16:09:44.546875
40 1.984125 0.558375 2023-10-30T16:09:44.546875
40 2.039500 0.592125 2023-10-30T16:09:44.546875
40 2.099375 0.567000 2023-10-30T16:09:44.546875
40 2.005875 0.551875 2023-10-30T16:09:44.546875
40 2.018500 0.591125 2023-10-30T16:09:44.546875
40 2.107875 0.572125 2023-10-30T16:09:44.546875
40 2.033750 0.547000 2023-10-30T16:09:44.546875
40 2.014125 0.590500 2023-10-30T16:09:44.546875
40 2.139875 0.579125 2023-10-30T16:09:44.546875
40 2.077750 0.546500 2023-10-30T16:09:44.546875
40 2.004875 0.587750 2023-10-30T16:09:44.546875
40 2.154750 0.584375 2023-10-30T16:09:44.546875
40 2.110875 0.548625 2023-10-30T16:09:44.546875
40 2.004500 0.585000 2023-10-30T16:09:44.546875
40 2.165500 0.590625 2023-10-30T16:09:44.546875
40 2.144000 0.553750 2023-10-30T16:09:44.546875
40 2.008500 0.580000 2023-10-30T16:09:44.546875
40 2.157000 0.593625 2023-10-30T16:09:44.546875
40 2.161375 0.558750 2023-10-30T16:09:44.562500
40 2.023750 0.574375 2023-10-30T16:09:44.562500
40 2.150375 0.597875 2023-10-30T16:09:44.562500
40 2.187875 0.566500 2023-10-30T16:09:44.562500
40 2.050125 0.568125 2023-10-30T16:09:44.562500
40 2.127875 0.599375 2023-10-30T16:09:44.562500
40 2.198750 0.573000 2023-10-30T16:09:44.562500
40 2.075875 0.560625 2023-10-30T16:09:44.562500
40 2.107125 0.601125 2023-10-30T16:09:44.562500
40 2.208500 0.580875 2023-10-30T16:09:44.562500
40 2.100750 0.555875 2023-10-30T16:09:44.562500
40 2.066750 0.598500 2023-10-30T16:09:44.562500
40 2.190750 0.586125 2023-10-30T16:09:44.562500
40 2.106750 0.553500 2023-10-30T16:09:44.562500
40 2.031875 0.596000 2023-10-30T16:09:44.562500
40 2.146250 0.591000 2023-10-30T16:09:44.562500
40 2.083875 0.555000 2023-10-30T16:09:44.562500
40 1.992000 0.590375 2023-10-30T16:09:44.562500
40 2.089000 0.594000 2023-10-30T16:09:44.562500
40 2.059875 0.557750 2023-10-30T16:09:44.562500
40 1.979250 0.585000 2023-10-30T16:09:44.562500
40 2.064625 0.598000 2023-10-30T16:09:44.562500
40 2.061375 0.563875 2023-10-30T16:09:44.562500
40 1.980375 0.578625 2023-10-30T16:09:44.562500
40 2.042125 0.599250 2023-10-30T16:09:44.562500
40 2.056625 0.569125 2023-10-30T16:09:44.562500
40 1.986125 0.571625 2023-10-30T16:09:44.562500
40 2.024250 0.601875 2023-10-30T16:09:44.562500
60 2.053125 0.576625 2023-10-30T16:09:51.078125
60 1.993500 0.564625 2023-10-30T16:09:51.093750
60 2.002875 0.601250 2023-10-30T16:09:51.093750
60 2.044625 0.582500 2023-10-30T16:09:51.093750
60 1.997125 0.559750 2023-10-30T16:09:51.093750
60 1.986000 0.601000 2023-10-30T16:09:51.093750
60 2.036625 0.588875 2023-10-30T16:09:51.093750
60 2.003625 0.558750 2023-10-30T16:09:51.093750
60 1.976250 0.598750 2023-10-30T16:09:51.093750
60 2.037875 0.594000 2023-10-30T16:09:51.093750
60 2.020125 0.559875 2023-10-30T16:09:51.093750
60 1.980250 0.596125 2023-10-30T16:09:51.093750
60 2.050000 0.600000 2023-10-30T16:09:51.093750
60 2.039875 0.564125 2023-10-30T16:09:51.093750
60 1.984875 0.592000 2023-10-30T16:09:51.093750
60 2.055250 0.603125 2023-10-30T16:09:51.093750
60 2.058125 0.569125 2023-10-30T16:09:51.093750
60 1.996000 0.587125 2023-10-30T16:09:51.093750
60 2.060000 0.610250 2023-10-30T16:09:51.093750
60 2.075875 0.577750 2023-10-30T16:09:51.093750
60 2.010875 0.583750 2023-10-30T16:09:51.093750
60 2.053500 0.614125 2023-10-30T16:09:51.093750
60 2.084750 0.585875 2023-10-30T16:09:51.093750
60 2.024875 0.578750 2023-10-30T16:09:51.093750
60 2.047875 0.618500 2023-10-30T16:09:51.093750
60 2.091625 0.596125 2023-10-30T16:09:51.093750
60 2.037250 0.576500 2023-10-30T16:09:51.093750
60 2.031500 0.621625 2023-10-30T16:09:51.093750
60 2.087500 0.606375 2023-10-30T16:09:51.093750
60 2.046125 0.576125 2023-10-30T16:09:51.093750
60 2.021875 0.625125 2023-10-30T16:09:51.109375
60 2.087000 0.618375 2023-10-30T16:09:51.109375
60 2.057125 0.579500 2023-10-30T16:09:51.109375
60 2.012125 0.624250 2023-10-30T16:09:51.109375
60 2.081625 0.625875 2023-10-30T16:09:51.109375
60 2.065875 0.584500 2023-10-30T16:09:51.109375
60 2.012500 0.619625 2023-10-30T16:09:51.109375
60 2.078875 0.632500 2023-10-30T16:09:51.109375
60 2.075750 0.591250 2023-10-30T16:09:51.109375
60 2.016875 0.613250 2023-10-30T16:09:51.109375
60 2.070500 0.635500 2023-10-30T16:09:51.109375
60 2.080750 0.597625 2023-10-30T16:09:51.109375
60 2.025250 0.605750 2023-10-30T16:09:51.109375
60 2.065250 0.639375 2023-10-30T16:09:51.109375
60 2.087375 0.606250 2023-10-30T16:09:51.109375
60 2.035875 0.599125 2023-10-30T16:09:51.109375
60 2.054875 0.641375 2023-10-30T16:09:51.109375
60 2.090500 0.615250 2023-10-30T16:09:51.109375
60 2.047750 0.593000 2023-10-30T16:09:51.109375
60 2.049500 0.644375 2023-10-30T16:09:51.109375
80 2.096875 0.624875 2023-10-30T16:09:57.625000
80 2.059375 0.591500 2023-10-30T16:09:57.625000
80 2.038625 0.643750 2023-10-30T16:09:57.625000
80 2.095875 0.632750 2023-10-30T16:09:57.625000
80 2.069000 0.591875 2023-10-30T16:09:57.625000
80 2.036000 0.642625 2023-10-30T16:09:57.625000
80 2.098125 0.642750 2023-10-30T16:09:57.625000
80 2.080375 0.597250 2023-10-30T16:09:57.625000
80 2.033000 0.638625 2023-10-30T16:09:57.625000
80 2.092875 0.647875 2023-10-30T16:09:57.625000
80 2.087375 0.602750 2023-10-30T16:09:57.640625
80 2.036750 0.632750 2023-10-30T16:09:57.640625
80 2.090750 0.654875 2023-10-30T16:09:57.640625
80 2.094750 0.611625 2023-10-30T16:09:57.640625
80 2.042875 0.626250 2023-10-30T16:09:57.640625
80 2.081875 0.660250 2023-10-30T16:09:57.640625
80 2.098750 0.621375 2023-10-30T16:09:57.640625
80 2.051875 0.617250 2023-10-30T16:09:57.640625
80 2.076625 0.660000 2023-10-30T16:09:57.640625
80 2.103625 0.627250 2023-10-30T16:09:57.640625
80 2.061625 0.608500 2023-10-30T16:09:57.640625
80 2.067125 0.658250 2023-10-30T16:09:57.640625
80 2.105375 0.633625 2023-10-30T16:09:57.640625
80 2.071250 0.601625 2023-10-30T16:09:57.640625
80 2.061750 0.656125 2023-10-30T16:09:57.640625
80 2.109625 0.641500 2023-10-30T16:09:57.640625
80 2.083000 0.600125 2023-10-30T16:09:57.640625
80 2.055250 0.651375 2023-10-30T16:09:57.640625
80 2.108500 0.645875 2023-10-30T16:09:57.640625
80 2.091125 0.601125 2023-10-30T16:09:57.640625
80 2.055125 0.645500 2023-10-30T16:09:57.640625
80 2.110000 0.651125 2023-10-30T16:09:57.640625
80 2.101500 0.605750 2023-10-30T16:09:57.640625
80 2.055875 0.638375 2023-10-30T16:09:57.640625
80 2.105625 0.653750 2023-10-30T16:09:57.640625
80 2.106875 0.611375 2023-10-30T16:09:57.640625
80 2.062250 0.629750 2023-10-30T16:09:57.640625
80 2.103875 0.657375 2023-10-30T16:09:57.640625
80 2.115375 0.619125 2023-10-30T16:09:57.640625
80 2.071125 0.620625 2023-10-30T16:09:57.640625
80 2.095875 0.658250 2023-10-30T16:09:57.656250
80 2.119375 0.626250 2023-10-30T16:09:57.656250
80 2.081250 0.610500 2023-10-30T16:09:57.656250
80 2.091875 0.657625 2023-10-30T16:09:57.656250
80 2.126000 0.633375 2023-10-30T16:09:57.656250
80 2.092375 0.604625 2023-10-30T16:09:57.656250
80 2.083625 0.653875 2023-10-30T16:09:57.656250
80 2.128000 0.639625 2023-10-30T16:09:57.656250
80 2.102875 0.601000 2023-10-30T16:09:57.656250
80 2.080750 0.650000 2023-10-30T16:09:57.656250
100 2.131750 0.644875 2023-10-30T16:10:04.171875
100 2.113375 0.602875 2023-10-30T16:10:04.171875
100 2.077625 0.644125 2023-10-30T16:10:04.171875
100 2.129000 0.649750 2023-10-30T16:10:04.171875
100 2.121625 0.607625 2023-10-30T16:10:04.171875
100 2.080500 0.638375 2023-10-30T16:10:04.171875
100 2.129375 0.655000 2023-10-30T16:10:04.171875
100 2.130500 0.614500 2023-10-30T16:10:04.171875
100 2.086125 0.632375 2023-10-30T16:10:04.171875
100 2.124125 0.657750 2023-10-30T16:10:04.171875
100 2.137000 0.621250 2023-10-30T16:10:04.171875
100 2.095875 0.623625 2023-10-30T16:10:04.171875
100 2.123500 0.660250 2023-10-30T16:10:04.171875
100 2.145875 0.629125 2023-10-30T16:10:04.171875
100 2.106750 0.616375 2023-10-30T16:10:04.171875
100 2.116750 0.660000 2023-10-30T16:10:04.171875
100 2.149750 0.635750 2023-10-30T16:10:04.171875
100 2.116750 0.609750 2023-10-30T16:10:04.187500
100 2.114125 0.659375 2023-10-30T16:10:04.187500
100 2.155875 0.643750 2023-10-30T16:10:04.187500
100 2.128625 0.607500 2023-10-30T16:10:04.187500
100 2.106375 0.656500 2023-10-30T16:10:04.187500
100 2.156250 0.649750 2023-10-30T16:10:04.187500
100 2.137500 0.608625 2023-10-30T16:10:04.187500
100 2.105625 0.653000 2023-10-30T16:10:04.187500
100 2.158500 0.656625 2023-10-30T16:10:04.187500
100 2.148000 0.613875 2023-10-30T16:10:04.187500
100 2.105875 0.647500 2023-10-30T16:10:04.187500
100 2.155375 0.661000 2023-10-30T16:10:04.187500
100 2.155500 0.619750 2023-10-30T16:10:04.187500
100 2.112125 0.641125 2023-10-30T16:10:04.187500
100 2.155500 0.665500 2023-10-30T16:10:04.187500
100 2.164875 0.627625 2023-10-30T16:10:04.187500
100 2.121250 0.632125 2023-10-30T16:10:04.187500
100 2.148500 0.667125 2023-10-30T16:10:04.187500
100 2.171000 0.635875 2023-10-30T16:10:04.187500
100 2.132375 0.622375 2023-10-30T16:10:04.187500
100 2.144000 0.668125 2023-10-30T16:10:04.187500
100 2.178125 0.644375 2023-10-30T16:10:04.187500
100 2.144625 0.616875 2023-10-30T16:10:04.187500
100 2.135375 0.666375 2023-10-30T16:10:04.187500
100 2.180000 0.652000 2023-10-30T16:10:04.187500
100 2.154375 0.614250 2023-10-30T16:10:04.187500
100 2.133625 0.664625 2023-10-30T16:10:04.187500
100 2.183875 0.659375 2023-10-30T16:10:04.187500
100 2.166375 0.617125 2023-10-30T16:10:04.187500
100 2.129375 0.658500 2023-10-30T16:10:04.203125
100 2.181625 0.665375 2023-10-30T16:10:04.203125
100 2.175250 0.622875 2023-10-30T16:10:04.203125
100 2.133500 0.651625 2023-10-30T16:10:04.203125
120 2.181625 0.671000 2023-10-30T16:10:10.718750
120 2.185750 0.630625 2023-10-30T16:10:10.718750
120 2.140875 0.644000 2023-10-30T16:10:10.718750
120 2.175125 0.666375 2023-10-30T16:10:10.718750
120 2.188375 0.631125 2023-10-30T16:10:10.718750
120 2.148250 0.631500 2023-10-30T16:10:10.718750
120 2.169750 0.667250 2023-10-30T16:10:10.718750
120 2.191875 0.634375 2023-10-30T16:10:10.718750
120 2.156125 0.614750 2023-10-30T16:10:10.718750
120 2.157250 0.653625 2023-10-30T16:10:10.718750
120 2.190625 0.629875 2023-10-30T16:10:10.718750
120 2.162625 0.598500 2023-10-30T16:10:10.718750
120 2.149875 0.635875 2023-10-30T16:10:10.718750
120 2.190750 0.627000 2023-10-30T16:10:10.718750
120 2.171375 0.595500 2023-10-30T16:10:10.718750
120 2.144500 0.627000 2023-10-30T16:10:10.718750
120 2.188250 0.626375 2023-10-30T16:10:10.718750
120 2.177875 0.595625 2023-10-30T16:10:10.718750
120 2.146000 0.623625 2023-10-30T16:10:10.718750
120 2.189250 0.634500 2023-10-30T16:10:10.718750
120 2.187500 0.607500 2023-10-30T16:10:10.718750
120 2.150250 0.629875 2023-10-30T16:10:10.718750
120 2.188000 0.651375 2023-10-30T16:10:10.718750
120 2.194875 0.622000 2023-10-30T16:10:10.718750
120 2.158875 0.633375 2023-10-30T16:10:10.734375
120 2.188750 0.664125 2023-10-30T16:10:10.734375
120 2.203375 0.634625 2023-10-30T16:10:10.734375
120 2.167750 0.629500 2023-10-30T16:10:10.734375
120 2.182625 0.671375 2023-10-30T16:10:10.734375
120 2.208000 0.647125 2023-10-30T16:10:10.734375
120 2.178375 0.628125 2023-10-30T16:10:10.734375
120 2.181125 0.679750 2023-10-30T16:10:10.734375
120 2.215625 0.662250 2023-10-30T16:10:10.734375
120 2.190250 0.629000 2023-10-30T16:10:10.734375
120 2.175250 0.683625 2023-10-30T16:10:10.734375
120 2.218125 0.675125 2023-10-30T16:10:10.734375
120 2.200625 0.633625 2023-10-30T16:10:10.734375
120 2.174750 0.686500 2023-10-30T16:10:10.734375
120 2.222000 0.689625 2023-10-30T16:10:10.734375
120 2.211625 0.642125 2023-10-30T16:10:10.734375
120 2.174875 0.683625 2023-10-30T16:10:10.734375
120 2.219625 0.698375 2023-10-30T16:10:10.734375
120 2.219250 0.652000 2023-10-30T16:10:10.734375
120 2.180875 0.678125 2023-10-30T16:10:10.734375
120 2.218625 0.704625 2023-10-30T16:10:10.734375
120 2.225500 0.659125 2023-10-30T16:10:10.734375
120 2.186000 0.665750 2023-10-30T16:10:10.734375
120 2.211250 0.699625 2023-10-30T16:10:10.734375
120 2.225875 0.655500 2023-10-30T16:10:10.734375
120 2.191375 0.642875 2023-10-30T16:10:10.734375
140 2.204750 0.684625 2023-10-30T16:10:17.250000
140 2.228000 0.652500 2023-10-30T16:10:17.250000
140 2.197625 0.625875 2023-10-30T16:10:17.265625
140 2.193875 0.664500 2023-10-30T16:10:17.265625
140 2.223625 0.645625 2023-10-30T16:10:17.265625
140 2.202500 0.615375 2023-10-30T16:10:17.265625
140 2.188875 0.657250 2023-10-30T16:10:17.265625
140 2.223125 0.650000 2023-10-30T16:10:17.265625
140 2.208625 0.615250 2023-10-30T16:10:17.265625
140 2.185125 0.651875 2023-10-30T16:10:17.265625
140 2.221250 0.657375 2023-10-30T16:10:17.265625
140 2.215500 0.624250 2023-10-30T16:10:17.265625
140 2.188500 0.657125 2023-10-30T16:10:17.265625
140 2.223500 0.673125 2023-10-30T16:10:17.265625
140 2.224250 0.637875 2023-10-30T16:10:17.265625
140 2.193750 0.657125 2023-10-30T16:10:17.265625
140 2.221000 0.684250 2023-10-30T16:10:17.265625
140 2.230125 0.649250 2023-10-30T16:10:17.265625
140 2.201750 0.652500 2023-10-30T16:10:17.265625
140 2.221125 0.690875 2023-10-30T16:10:17.265625
140 2.237000 0.660125 2023-10-30T16:10:17.265625
140 2.210000 0.647375 2023-10-30T16:10:17.265625
140 2.217750 0.694125 2023-10-30T16:10:17.265625
140 2.240875 0.669500 2023-10-30T16:10:17.265625
140 2.218250 0.643625 2023-10-30T16:10:17.265625
140 2.216875 0.696875 2023-10-30T16:10:17.265625
140 2.245500 0.681250 2023-10-30T16:10:17.265625
140 2.226625 0.643125 2023-10-30T16:10:17.265625
140 2.211375 0.696000 2023-10-30T16:10:17.265625
140 2.245750 0.690000 2023-10-30T16:10:17.265625
140 2.232625 0.645125 2023-10-30T16:10:17.265625
140 2.211625 0.694750 2023-10-30T16:10:17.281250
140 2.247375 0.699875 2023-10-30T16:10:17.281250
140 2.240250 0.652875 2023-10-30T16:10:17.281250
140 2.211500 0.690125 2023-10-30T16:10:17.281250
140 2.244125 0.706750 2023-10-30T16:10:17.281250
140 2.244625 0.660750 2023-10-30T16:10:17.281250
140 2.216375 0.683250 2023-10-30T16:10:17.281250
140 2.244250 0.713250 2023-10-30T16:10:17.281250
140 2.251125 0.672250 2023-10-30T16:10:17.281250
140 2.223000 0.676000 2023-10-30T16:10:17.281250
140 2.239875 0.718375 2023-10-30T16:10:17.281250
140 2.254625 0.683500 2023-10-30T16:10:17.281250
140 2.230000 0.668500 2023-10-30T16:10:17.281250
140 2.239625 0.723750 2023-10-30T16:10:17.281250
140 2.260500 0.695750 2023-10-30T16:10:17.281250
140 2.237500 0.665000 2023-10-30T16:10:17.281250
140 2.234500 0.725625 2023-10-30T16:10:17.281250
140 2.260500 0.705250 2023-10-30T16:10:17.281250
140 2.242750 0.662125 2023-10-30T16:10:17.281250
160 2.232500 0.724500 2023-10-30T16:10:23.796875
160 2.262625 0.716375 2023-10-30T16:10:23.796875
160 2.250250 0.666125 2023-10-30T16:10:23.796875
160 2.230000 0.723250 2023-10-30T16:10:23.796875
160 2.262625 0.724500 2023-10-30T16:10:23.796875
160 2.255375 0.669625 2023-10-30T16:10:23.796875
160 2.232125 0.713375 2023-10-30T16:10:23.796875
160 2.263500 0.728875 2023-10-30T16:10:23.796875
160 2.262500 0.677000 2023-10-30T16:10:23.796875
160 2.235250 0.702250 2023-10-30T16:10:23.796875
160 2.261250 0.730375 2023-10-30T16:10:23.812500
160 2.267250 0.683250 2023-10-30T16:10:23.812500
160 2.241500 0.689875 2023-10-30T16:10:23.812500
160 2.262250 0.730750 2023-10-30T16:10:23.812500
160 2.273875 0.690375 2023-10-30T16:10:23.812500
160 2.248250 0.677625 2023-10-30T16:10:23.812500
160 2.256625 0.726500 2023-10-30T16:10:23.812500
160 2.275375 0.693625 2023-10-30T16:10:23.812500
160 2.253875 0.664000 2023-10-30T16:10:23.812500
160 2.254500 0.719250 2023-10-30T16:10:23.812500
160 2.278250 0.698250 2023-10-30T16:10:23.812500
160 2.261500 0.658000 2023-10-30T16:10:23.812500
160 2.249875 0.710125 2023-10-30T16:10:23.812500
160 2.277750 0.699500 2023-10-30T16:10:23.812500
160 2.266500 0.655625 2023-10-30T16:10:23.812500
160 2.250250 0.703125 2023-10-30T16:10:23.812500
160 2.280500 0.704625 2023-10-30T16:10:23.812500
160 2.273875 0.658375 2023-10-30T16:10:23.812500
160 2.250500 0.696250 2023-10-30T16:10:23.812500
160 2.281125 0.709375 2023-10-30T16:10:23.812500
160 2.281250 0.665500 2023-10-30T16:10:23.812500
160 2.256125 0.690375 2023-10-30T16:10:23.812500
160 2.284000 0.716000 2023-10-30T16:10:23.812500
160 2.289750 0.674250 2023-10-30T16:10:23.812500
160 2.262750 0.683750 2023-10-30T16:10:23.812500
160 2.283375 0.719500 2023-10-30T16:10:23.812500
160 2.295000 0.682750 2023-10-30T16:10:23.812500
160 2.269750 0.674750 2023-10-30T16:10:23.812500
160 2.282625 0.722250 2023-10-30T16:10:23.812500
160 2.300500 0.692375 2023-10-30T16:10:23.812500
160 2.276875 0.667750 2023-10-30T16:10:23.828125
160 2.277000 0.721500 2023-10-30T16:10:23.828125
160 2.302250 0.699625 2023-10-30T16:10:23.828125
160 2.283250 0.662500 2023-10-30T16:10:23.828125
160 2.275875 0.720000 2023-10-30T16:10:23.828125
160 2.305375 0.707250 2023-10-30T16:10:23.828125
160 2.291000 0.662750 2023-10-30T16:10:23.828125
160 2.272875 0.716000 2023-10-30T16:10:23.828125
160 2.306125 0.713750 2023-10-30T16:10:23.828125
160 2.297375 0.666000 2023-10-30T16:10:23.828125
180 2.275375 0.710875 2023-10-30T16:10:30.343750
180 2.309000 0.721250 2023-10-30T16:10:30.343750
180 2.306000 0.673000 2023-10-30T16:10:30.343750
180 2.278125 0.704125 2023-10-30T16:10:30.343750
180 2.308500 0.725000 2023-10-30T16:10:30.343750
180 2.311875 0.679250 2023-10-30T16:10:30.343750
180 2.284625 0.694875 2023-10-30T16:10:30.343750
180 2.309625 0.729000 2023-10-30T16:10:30.343750
180 2.319750 0.688375 2023-10-30T16:10:30.343750
180 2.292375 0.685125 2023-10-30T16:10:30.343750
180 2.306750 0.728875 2023-10-30T16:10:30.343750
180 2.324500 0.696625 2023-10-30T16:10:30.343750
180 2.301125 0.673750 2023-10-30T16:10:30.343750
180 2.305125 0.728125 2023-10-30T16:10:30.343750
180 2.328750 0.705125 2023-10-30T16:10:30.343750
180 2.309125 0.668500 2023-10-30T16:10:30.343750
180 2.299125 0.724125 2023-10-30T16:10:30.343750
180 2.329000 0.711250 2023-10-30T16:10:30.343750
180 2.314625 0.667000 2023-10-30T16:10:30.359375
180 2.298125 0.720500 2023-10-30T16:10:30.359375
180 2.330125 0.717500 2023-10-30T16:10:30.359375
180 2.320375 0.670125 2023-10-30T16:10:30.359375
180 2.295875 0.713750 2023-10-30T16:10:30.359375
180 2.327625 0.722375 2023-10-30T16:10:30.359375
180 2.324250 0.675500 2023-10-30T16:10:30.359375
180 2.299000 0.705500 2023-10-30T16:10:30.359375
180 2.327875 0.726750 2023-10-30T16:10:30.359375
180 2.329625 0.682375 2023-10-30T16:10:30.359375
180 2.302750 0.696500 2023-10-30T16:10:30.359375
180 2.324000 0.728000 2023-10-30T16:10:30.359375
180 2.332625 0.688375 2023-10-30T16:10:30.359375
180 2.309250 0.685750 2023-10-30T16:10:30.359375
180 2.323500 0.729250 2023-10-30T16:10:30.359375
180 2.337625 0.696625 2023-10-30T16:10:30.359375
180 2.315625 0.677375 2023-10-30T16:10:30.359375
180 2.318625 0.727625 2023-10-30T16:10:30.359375
180 2.340375 0.704625 2023-10-30T16:10:30.359375
180 2.322625 0.670750 2023-10-30T16:10:30.359375
180 2.317000 0.725375 2023-10-30T16:10:30.359375
180 2.343875 0.712375 2023-10-30T16:10:30.359375
180 2.330000 0.669875 2023-10-30T16:10:30.359375
180 2.313125 0.720625 2023-10-30T16:10:30.359375
180 2.344250 0.718375 2023-10-30T16:10:30.359375
180 2.335875 0.672625 2023-10-30T16:10:30.359375
180 2.313875 0.714500 2023-10-30T16:10:30.359375
180 2.345375 0.725000 2023-10-30T16:10:30.359375
180 2.342375 0.679250 2023-10-30T16:10:30.359375
180 2.315750 0.706625 2023-10-30T16:10:30.375000
180 2.343000 0.727875 2023-10-30T16:10:30.375000
180 2.346500 0.685625 2023-10-30T16:10:30.375000
200 2.321125 0.696500 2023-10-30T16:10:36.890625
200 2.342500 0.731125 2023-10-30T16:10:36.890625
200 2.352375 0.694375 2023-10-30T16:10:36.890625
200 2.328000 0.686875 2023-10-30T16:10:36.890625
200 2.337375 0.730750 2023-10-30T16:10:36.890625
200 2.354750 0.701375 2023-10-30T16:10:36.890625
200 2.334000 0.678250 2023-10-30T16:10:36.890625
200 2.336250 0.730375 2023-10-30T16:10:36.890625
200 2.358500 0.709125 2023-10-30T16:10:36.890625
200 2.339750 0.674125 2023-10-30T16:10:36.890625
200 2.330375 0.727125 2023-10-30T16:10:36.890625
200 2.358125 0.715375 2023-10-30T16:10:36.890625
200 2.344625 0.672750 2023-10-30T16:10:36.890625
200 2.327875 0.722375 2023-10-30T16:10:36.890625
200 2.358250 0.722625 2023-10-30T16:10:36.890625
200 2.350250 0.676625 2023-10-30T16:10:36.890625
200 2.326000 0.715625 2023-10-30T16:10:36.890625
200 2.355250 0.727000 2023-10-30T16:10:36.890625
200 2.352750 0.682625 2023-10-30T16:10:36.890625
200 2.327125 0.706375 2023-10-30T16:10:36.890625
200 2.353000 0.731500 2023-10-30T16:10:36.890625
200 2.357125 0.690000 2023-10-30T16:10:36.890625
200 2.330000 0.698250 2023-10-30T16:10:36.890625
200 2.348000 0.732875 2023-10-30T16:10:36.890625
200 2.358250 0.696375 2023-10-30T16:10:36.890625
200 2.334250 0.688250 2023-10-30T16:10:36.906250
200 2.345375 0.734125 2023-10-30T16:10:36.906250
200 2.361875 0.705125 2023-10-30T16:10:36.906250
200 2.339000 0.680375 2023-10-30T16:10:36.906250
200 2.338375 0.732375 2023-10-30T16:10:36.906250
200 2.362000 0.711875 2023-10-30T16:10:36.906250
200 2.343750 0.674625 2023-10-30T16:10:36.906250
200 2.335000 0.729500 2023-10-30T16:10:36.906250
200 2.363250 0.718625 2023-10-30T16:10:36.906250
200 2.349375 0.674625 2023-10-30T16:10:36.906250
200 2.330125 0.723750 2023-10-30T16:10:36.906250
200 2.361375 0.724875 2023-10-30T16:10:36.906250
200 2.353250 0.678125 2023-10-30T16:10:36.906250
200 2.329500 0.716375 2023-10-30T16:10:36.906250
200 2.360125 0.730375 2023-10-30T16:10:36.906250
200 2.358500 0.685250 2023-10-30T16:10:36.906250
200 2.329875 0.707500 2023-10-30T16:10:36.906250
200 2.355250 0.733250 2023-10-30T16:10:36.906250
200 2.360500 0.691750 2023-10-30T16:10:36.906250
200 2.333750 0.697875 2023-10-30T16:10:36.906250
200 2.352625 0.735750 2023-10-30T16:10:36.906250
200 2.363750 0.700000 2023-10-30T16:10:36.906250
200 2.337000 0.688625 2023-10-30T16:10:36.906250
200 2.345625 0.735125 2023-10-30T16:10:36.906250
200 2.363000 0.706625 2023-10-30T16:10:36.906250
220 2.340750 0.679875 2023-10-30T16:10:43.421875
220 2.340750 0.733875 2023-10-30T16:10:43.421875
220 2.363625 0.713750 2023-10-30T16:10:43.421875
220 2.344000 0.675500 2023-10-30T16:10:43.421875
220 2.331250 0.729375 2023-10-30T16:10:43.437500
220 2.359125 0.718875 2023-10-30T16:10:43.437500
220 2.345375 0.673875 2023-10-30T16:10:43.437500
220 2.326125 0.723500 2023-10-30T16:10:43.437500
220 2.356375 0.725125 2023-10-30T16:10:43.437500
220 2.347750 0.678000 2023-10-30T16:10:43.437500
220 2.320375 0.715750 2023-10-30T16:10:43.437500
220 2.349125 0.728625 2023-10-30T16:10:43.437500
220 2.347250 0.683375 2023-10-30T16:10:43.437500
220 2.319000 0.704750 2023-10-30T16:10:43.437500
220 2.344000 0.732250 2023-10-30T16:10:43.437500
220 2.348250 0.690000 2023-10-30T16:10:43.437500
220 2.318750 0.696375 2023-10-30T16:10:43.437500
220 2.335375 0.732875 2023-10-30T16:10:43.437500
220 2.346625 0.696875 2023-10-30T16:10:43.437500
220 2.321750 0.683500 2023-10-30T16:10:43.437500
220 2.329875 0.732375 2023-10-30T16:10:43.437500
220 2.347625 0.704875 2023-10-30T16:10:43.437500
220 2.325125 0.675875 2023-10-30T16:10:43.437500
220 2.320125 0.728875 2023-10-30T16:10:43.437500
220 2.346500 0.712375 2023-10-30T16:10:43.437500
220 2.329875 0.671000 2023-10-30T16:10:43.437500
220 2.316625 0.724750 2023-10-30T16:10:43.437500
220 2.347000 0.719250 2023-10-30T16:10:43.437500
220 2.335125 0.672750 2023-10-30T16:10:43.437500
220 2.312750 0.718000 2023-10-30T16:10:43.437500
220 2.344125 0.723500 2023-10-30T16:10:43.437500
220 2.338625 0.676625 2023-10-30T16:10:43.437500
220 2.312500 0.710500 2023-10-30T16:10:43.437500
220 2.343125 0.728000 2023-10-30T16:10:43.453125
220 2.342375 0.682875 2023-10-30T16:10:43.453125
220 2.314125 0.702000 2023-10-30T16:10:43.453125
220 2.337250 0.730500 2023-10-30T16:10:43.453125
220 2.344000 0.689625 2023-10-30T16:10:43.453125
220 2.317875 0.691875 2023-10-30T16:10:43.453125
220 2.334500 0.731750 2023-10-30T16:10:43.453125
220 2.347000 0.697375 2023-10-30T16:10:43.453125
220 2.321875 0.682000 2023-10-30T16:10:43.453125
220 2.298000 0.613625 2023-10-30T16:10:43.453125
220 2.283500 0.592250 2023-10-30T16:10:43.453125
220 2.280250 0.586250 2023-10-30T16:10:43.453125
220 2.279375 0.584625 2023-10-30T16:10:43.453125
220 2.278750 0.584375 2023-10-30T16:10:43.453125
220 2.278500 0.584250 2023-10-30T16:10:43.453125
220 2.277500 0.584000 2023-10-30T16:10:43.453125
220 2.277500 0.583750 2023-10-30T16:10:43.453125
240 2.278000 0.583625 2023-10-30T16:10:49.968750
240 2.279125 0.583750 2023-10-30T16:10:49.968750
240 2.278750 0.583750 2023-10-30T16:10:49.968750
240 2.278875 0.584000 2023-10-30T16:10:49.968750
240 2.278500 0.583875 2023-10-30T16:10:49.968750
240 2.278125 0.584000 2023-10-30T16:10:49.968750
240 2.278750 0.583750 2023-10-30T16:10:49.968750
240 2.279250 0.583375 2023-10-30T16:10:49.968750
240 2.279625 0.583625 2023-10-30T16:10:49.968750
240 2.279375 0.584000 2023-10-30T16:10:49.968750
240 2.279375 0.583750 2023-10-30T16:10:49.968750
240 2.279000 0.584000 2023-10-30T16:10:49.968750
240 2.279625 0.584000 2023-10-30T16:10:49.968750
240 2.280000 0.583750 2023-10-30T16:10:49.984375
240 2.281000 0.584000 2023-10-30T16:10:49.984375
240 2.280750 0.584250 2023-10-30T16:10:49.984375
240 2.280875 0.584250 2023-10-30T16:10:49.984375
240 2.280000 0.584125 2023-10-30T16:10:49.984375
240 2.280500 0.584375 2023-10-30T16:10:49.984375
240 2.281375 0.584250 2023-10-30T16:10:49.984375
240 2.281625 0.584250 2023-10-30T16:10:49.984375
240 2.281375 0.584500 2023-10-30T16:10:49.984375
240 2.281750 0.584625 2023-10-30T16:10:49.984375
240 2.281000 0.584500 2023-10-30T16:10:49.984375
240 2.281250 0.584500 2023-10-30T16:10:49.984375
240 2.281875 0.584375 2023-10-30T16:10:49.984375
240 2.282250 0.584375 2023-10-30T16:10:49.984375
240 2.282375 0.584625 2023-10-30T16:10:49.984375
240 2.283000 0.584750 2023-10-30T16:10:49.984375
240 2.282250 0.584875 2023-10-30T16:10:49.984375
240 2.282375 0.584750 2023-10-30T16:10:49.984375
240 2.282750 0.584875 2023-10-30T16:10:49.984375
240 2.283500 0.584500 2023-10-30T16:10:49.984375
240 2.284500 0.584875 2023-10-30T16:10:49.984375
240 2.283750 0.585125 2023-10-30T16:10:49.984375
240 2.284125 0.585250 2023-10-30T16:10:49.984375
240 2.283375 0.585000 2023-10-30T16:10:49.984375
240 2.284125 0.585000 2023-10-30T16:10:49.984375
240 2.285000 0.585000 2023-10-30T16:10:49.984375
240 2.285500 0.585125 2023-10-30T16:10:49.984375
240 2.285375 0.585375 2023-10-30T16:10:49.984375
240 2.285375 0.585500 2023-10-30T16:10:49.984375
240 2.284250 0.585625 2023-10-30T16:10:49.984375
240 2.284625 0.585375 2023-10-30T16:10:50
240 2.284875 0.585250 2023-10-30T16:10:50
240 2.285125 0.585250 2023-10-30T16:10:50
240 2.285250 0.585375 2023-10-30T16:10:50
240 2.285250 0.585500 2023-10-30T16:10:50
240 2.285000 0.585375 2023-10-30T16:10:50
240 2.285875 0.585125 2023-10-30T16:10:50
260 2.286000 0.585250 2023-10-30T16:10:56.515625
260 2.285625 0.585375 2023-10-30T16:10:56.515625
260 2.286250 0.585625 2023-10-30T16:10:56.515625
260 2.285250 0.585500 2023-10-30T16:10:56.515625
260 2.285000 0.585375 2023-10-30T16:10:56.515625
260 2.285875 0.585125 2023-10-30T16:10:56.515625
260 2.286000 0.585250 2023-10-30T16:10:56.515625
260 2.285625 0.585375 2023-10-30T16:10:56.515625
260 2.285625 0.585625 2023-10-30T16:10:56.515625
260 2.284625 0.585250 2023-10-30T16:10:56.515625
260 2.283875 0.585375 2023-10-30T16:10:56.515625
260 2.284375 0.585000 2023-10-30T16:10:56.515625
260 2.285250 0.585125 2023-10-30T16:10:56.515625
260 2.285375 0.585375 2023-10-30T16:10:56.515625
260 2.285125 0.585500 2023-10-30T16:10:56.515625
260 2.285250 0.585500 2023-10-30T16:10:56.515625
260 2.284625 0.585750 2023-10-30T16:10:56.515625
260 2.285375 0.585500 2023-10-30T16:10:56.515625
260 2.286000 0.585500 2023-10-30T16:10:56.515625
260 2.286875 0.585625 2023-10-30T16:10:56.531250
260 2.286875 0.585875 2023-10-30T16:10:56.531250
260 2.287500 0.586250 2023-10-30T16:10:56.531250
260 2.287375 0.586250 2023-10-30T16:10:56.531250
260 2.288250 0.586375 2023-10-30T16:10:56.531250
260 2.289375 0.586500 2023-10-30T16:10:56.531250
260 2.291000 0.586750 2023-10-30T16:10:56.531250
260 2.291750 0.587000 2023-10-30T16:10:56.531250
260 2.292500 0.587375 2023-10-30T16:10:56.531250
260 2.292750 0.587750 2023-10-30T16:10:56.531250
260 2.293250 0.587875 2023-10-30T16:10:56.531250
260 2.294750 0.587875 2023-10-30T16:10:56.531250
260 2.296375 0.588000 2023-10-30T16:10:56.531250
260 2.298000 0.588375 2023-10-30T16:10:56.531250
260 2.299125 0.589000 2023-10-30T16:10:56.531250
260 2.299500 0.589375 2023-10-30T16:10:56.531250
260 2.300625 0.589625 2023-10-30T16:10:56.531250
260 2.302000 0.589875 2023-10-30T16:10:56.531250
260 2.304250 0.590000 2023-10-30T16:10:56.531250
260 2.306000 0.590500 2023-10-30T16:10:56.531250
260 2.307375 0.591125 2023-10-30T16:10:56.531250
260 2.309375 0.591625 2023-10-30T16:10:56.531250
260 2.310125 0.591750 2023-10-30T16:10:56.531250
260 2.311500 0.592125 2023-10-30T16:10:56.531250
260 2.314000 0.592625 2023-10-30T16:10:56.531250
260 2.316250 0.592750 2023-10-30T16:10:56.531250
260 2.317750 0.593500 2023-10-30T16:10:56.531250
260 2.534500 0.635250 2023-10-30T16:10:56.531250
260 2.533625 0.635375 2023-10-30T16:10:56.546875
260 2.533500 0.635125 2023-10-30T16:10:56.546875
280 2.534125 0.635125 2023-10-30T16:11:03.062500
280 2.534625 0.634875 2023-10-30T16:11:03.062500
280 2.534875 0.635250 2023-10-30T16:11:03.062500
280 2.534500 0.635250 2023-10-30T16:11:03.062500
280 2.533625 0.635375 2023-10-30T16:11:03.062500
280 2.533500 0.635125 2023-10-30T16:11:03.062500
280 2.534125 0.635125 2023-10-30T16:11:03.062500
280 2.534875 0.634875 2023-10-30T16:11:03.062500
280 2.534750 0.635000 2023-10-30T16:11:03.062500
280 2.534125 0.635125 2023-10-30T16:11:03.062500
280 2.534375 0.635375 2023-10-30T16:11:03.062500
280 2.533750 0.635250 2023-10-30T16:11:03.062500
280 2.533750 0.635125 2023-10-30T16:11:03.062500
280 2.534500 0.634750 2023-10-30T16:11:03.062500
280 2.535000 0.635000 2023-10-30T16:11:03.062500
280 2.534625 0.635125 2023-10-30T16:11:03.062500
280 2.534750 0.635125 2023-10-30T16:11:03.062500
280 2.533625 0.635250 2023-10-30T16:11:03.062500
280 2.534000 0.635125 2023-10-30T16:11:03.062500
280 2.534375 0.634875 2023-10-30T16:11:03.062500
280 2.534875 0.634875 2023-10-30T16:11:03.062500
280 2.535000 0.634875 2023-10-30T16:11:03.062500
280 2.534750 0.635000 2023-10-30T16:11:03.062500
280 2.533500 0.635125 2023-10-30T16:11:03.062500
280 2.533500 0.634875 2023-10-30T16:11:03.078125
280 2.533500 0.634625 2023-10-30T16:11:03.078125
280 2.534375 0.634500 2023-10-30T16:11:03.078125
280 2.534250 0.634875 2023-10-30T16:11:03.078125
280 2.533625 0.634750 2023-10-30T16:11:03.078125
280 2.534000 0.635000 2023-10-30T16:11:03.078125
280 2.532625 0.634250 2023-10-30T16:11:03.078125
280 2.532750 0.634250 2023-10-30T16:11:03.078125
280 2.533000 0.634000 2023-10-30T16:11:03.078125
280 2.533375 0.634125 2023-10-30T16:11:03.078125
280 2.533125 0.634125 2023-10-30T16:11:03.078125
280 2.533000 0.634250 2023-10-30T16:11:03.078125
280 2.531875 0.634000 2023-10-30T16:11:03.078125
280 2.531875 0.633875 2023-10-30T16:11:03.078125
280 2.531875 0.633500 2023-10-30T16:11:03.078125
280 2.532125 0.633375 2023-10-30T16:11:03.078125
280 2.531375 0.633625 2023-10-30T16:11:03.078125
280 2.530750 0.633500 2023-10-30T16:11:03.078125
280 2.530000 0.633375 2023-10-30T16:11:03.078125
280 2.529500 0.633125 2023-10-30T16:11:03.078125
280 2.529375 0.632750 2023-10-30T16:11:03.078125
280 2.529500 0.632625 2023-10-30T16:11:03.078125
280 2.232750 0.539375 2023-10-30T16:11:03.078125
280 2.232375 0.539500 2023-10-30T16:11:03.078125
280 2.231750 0.539500 2023-10-30T16:11:03.078125
300 2.231750 0.539500 2023-10-30T16:11:09.609375
300 2.232000 0.539375 2023-10-30T16:11:09.609375
300 2.232875 0.539250 2023-10-30T16:11:09.609375
300 2.232750 0.539375 2023-10-30T16:11:09.609375
300 2.232375 0.539500 2023-10-30T16:11:09.609375
300 2.232000 0.539500 2023-10-30T16:11:09.609375
300 2.231625 0.539375 2023-10-30T16:11:09.609375
300 2.231750 0.539250 2023-10-30T16:11:09.609375
300 2.232000 0.539125 2023-10-30T16:11:09.609375
300 2.232500 0.539125 2023-10-30T16:11:09.609375
300 2.231750 0.539375 2023-10-30T16:11:09.609375
300 2.231750 0.539375 2023-10-30T16:11:09.609375
300 2.230500 0.539125 2023-10-30T16:11:09.609375
300 2.230500 0.539250 2023-10-30T16:11:09.609375
300 2.230500 0.538875 2023-10-30T16:11:09.609375
300 2.230625 0.538875 2023-10-30T16:11:09.609375
300 2.229750 0.538625 2023-10-30T16:11:09.609375
300 2.229125 0.538500 2023-10-30T16:11:09.609375
300 2.227625 0.538375 2023-10-30T16:11:09.609375
300 2.227125 0.538125 2023-10-30T16:11:09.609375
300 2.226625 0.537875 2023-10-30T16:11:09.609375
300 2.226250 0.537375 2023-10-30T16:11:09.609375
300 2.225875 0.537250 2023-10-30T16:11:09.609375
300 2.224750 0.537250 2023-10-30T16:11:09.609375
300 2.223250 0.536750 2023-10-30T16:11:09.609375
300 2.222125 0.536500 2023-10-30T16:11:09.609375
300 2.221750 0.536125 2023-10-30T16:11:09.609375
300 2.220625 0.535750 2023-10-30T16:11:09.609375
300 2.219875 0.535375 2023-10-30T16:11:09.609375
300 2.218375 0.535375 2023-10-30T16:11:09.625000
300 2.217000 0.535000 2023-10-30T16:11:09.625000
300 2.214875 0.534250 2023-10-30T16:11:09.625000
300 2.213875 0.533875 2023-10-30T16:11:09.625000
300 2.213125 0.533250 2023-10-30T16:11:09.625000
300 2.212125 0.532875 2023-10-30T16:11:09.625000
300 2.210125 0.532500 2023-10-30T16:11:09.625000
300 2.208500 0.532125 2023-10-30T16:11:09.625000
300 2.206000 0.531375 2023-10-30T16:11:09.625000
300 2.205125 0.531000 2023-10-30T16:11:09.625000
300 2.203750 0.530375 2023-10-30T16:11:09.625000
300 2.202250 0.529750 2023-10-30T16:11:09.625000
300 2.200500 0.529500 2023-10-30T16:11:09.625000
300 2.198625 0.529000 2023-10-30T16:11:09.625000
300 2.196250 0.528625 2023-10-30T16:11:09.625000
300 2.194000 0.527500 2023-10-30T16:11:09.625000
300 2.192875 0.527000 2023-10-30T16:11:09.625000
300 1.517250 0.338250 2023-10-30T16:11:09.625000
300 1.517125 0.338375 2023-10-30T16:11:09.625000
300 1.516375 0.338375 2023-10-30T16:11:09.625000
320 1.516375 0.338250 2023-10-30T16:11:16.140625
320 1.516375 0.338125 2023-10-30T16:11:16.140625
320 1.516750 0.338125 2023-10-30T16:11:16.140625
320 1.517250 0.338250 2023-10-30T16:11:16.156250
320 1.516875 0.338500 2023-10-30T16:11:16.156250
320 1.516375 0.338250 2023-10-30T16:11:16.156250
320 1.515750 0.338125 2023-10-30T16:11:16.156250
320 1.516125 0.338125 2023-10-30T16:11:16.156250
320 1.516250 0.338000 2023-10-30T16:11:16.156250
320 1.517000 0.337875 2023-10-30T16:11:16.156250
320 1.516000 0.338000 2023-10-30T16:11:16.156250
320 1.515125 0.338125 2023-10-30T16:11:16.156250
320 1.514000 0.337750 2023-10-30T16:11:16.156250
320 1.513625 0.337375 2023-10-30T16:11:16.156250
320 1.513250 0.337125 2023-10-30T16:11:16.156250
320 1.513000 0.337000 2023-10-30T16:11:16.156250
320 1.512250 0.336875 2023-10-30T16:11:16.156250
320 1.511125 0.336750 2023-10-30T16:11:16.156250
320 1.509625 0.336500 2023-10-30T16:11:16.156250
320 1.508500 0.336000 2023-10-30T16:11:16.156250
320 1.507125 0.335750 2023-10-30T16:11:16.156250
320 1.506500 0.335250 2023-10-30T16:11:16.156250
320 1.505125 0.334875 2023-10-30T16:11:16.156250
320 1.503500 0.334500 2023-10-30T16:11:16.156250
320 1.501375 0.334125 2023-10-30T16:11:16.156250
320 1.499125 0.333500 2023-10-30T16:11:16.156250
320 1.497750 0.333125 2023-10-30T16:11:16.156250
320 1.496375 0.332375 2023-10-30T16:11:16.156250
320 1.494750 0.332125 2023-10-30T16:11:16.156250
320 1.492375 0.331500 2023-10-30T16:11:16.156250
320 1.489875 0.331250 2023-10-30T16:11:16.156250
320 1.486750 0.330125 2023-10-30T16:11:16.156250
320 1.484750 0.329500 2023-10-30T16:11:16.171875
320 1.482625 0.328625 2023-10-30T16:11:16.171875
320 1.480750 0.328125 2023-10-30T16:11:16.171875
320 1.478000 0.327500 2023-10-30T16:11:16.171875
320 1.474625 0.327000 2023-10-30T16:11:16.171875
320 1.471000 0.326250 2023-10-30T16:11:16.171875
320 1.468625 0.325500 2023-10-30T16:11:16.171875
320 1.465625 0.324500 2023-10-30T16:11:16.171875
320 1.463250 0.323625 2023-10-30T16:11:16.171875
320 1.460500 0.323000 2023-10-30T16:11:16.171875
320 1.457500 0.322375 2023-10-30T16:11:16.171875
320 1.454125 0.321625 2023-10-30T16:11:16.171875
320 1.451000 0.321000 2023-10-30T16:11:16.171875
320 1.448625 0.319875 2023-10-30T16:11:16.171875
320 0.664500 0.129125 2023-10-30T16:11:16.171875
320 0.663500 0.129000 2023-10-30T16:11:16.171875
320 0.664125 0.128875 2023-10-30T16:11:16.171875
340 0.664000 0.128750 2023-10-30T16:11:22.687500
340 0.664750 0.128750 2023-10-30T16:11:22.687500
340 0.664625 0.128875 2023-10-30T16:11:22.687500
340 0.664750 0.129000 2023-10-30T16:11:22.687500
340 0.663875 0.128875 2023-10-30T16:11:22.687500
340 0.663375 0.128875 2023-10-30T16:11:22.687500
340 0.663625 0.128625 2023-10-30T16:11:22.687500
340 0.664125 0.128750 2023-10-30T16:11:22.687500
340 0.664500 0.128500 2023-10-30T16:11:22.687500
340 0.664000 0.128750 2023-10-30T16:11:22.703125
340 0.663250 0.129000 2023-10-30T16:11:22.703125
340 0.662250 0.128625 2023-10-30T16:11:22.703125
340 0.661875 0.128375 2023-10-30T16:11:22.703125
340 0.661750 0.127875 2023-10-30T16:11:22.703125
340 0.661750 0.127875 2023-10-30T16:11:22.703125
340 0.660625 0.127750 2023-10-30T16:11:22.703125
340 0.659625 0.127875 2023-10-30T16:11:22.703125
340 0.657625 0.127500 2023-10-30T16:11:22.703125
340 0.656750 0.127125 2023-10-30T16:11:22.703125
340 0.656125 0.126750 2023-10-30T16:11:22.703125
340 0.655250 0.126500 2023-10-30T16:11:22.703125
340 0.654000 0.126250 2023-10-30T16:11:22.703125
340 0.652250 0.126250 2023-10-30T16:11:22.703125
340 0.650000 0.125625 2023-10-30T16:11:22.703125
340 0.648375 0.125000 2023-10-30T16:11:22.703125
340 0.647125 0.124500 2023-10-30T16:11:22.703125
340 0.645750 0.124250 2023-10-30T16:11:22.703125
340 0.644000 0.123875 2023-10-30T16:11:22.703125
340 0.642250 0.123500 2023-10-30T16:11:22.703125
340 0.639375 0.123125 2023-10-30T16:11:22.703125
340 0.636750 0.122625 2023-10-30T16:11:22.703125
340 0.635125 0.122000 2023-10-30T16:11:22.703125
340 0.632875 0.121125 2023-10-30T16:11:22.703125
340 0.631000 0.120875 2023-10-30T16:11:22.703125
340 0.628125 0.120500 2023-10-30T16:11:22.703125
340 0.625500 0.119875 2023-10-30T16:11:22.703125
340 0.622125 0.119000 2023-10-30T16:11:22.703125
340 0.619875 0.118625 2023-10-30T16:11:22.703125
340 0.617625 0.118000 2023-10-30T16:11:22.703125
340 0.615625 0.117250 2023-10-30T16:11:22.718750
340 0.612625 0.116875 2023-10-30T16:11:22.718750
340 0.609625 0.116250 2023-10-30T16:11:22.718750
340 0.606500 0.115500 2023-10-30T16:11:22.718750
340 0.604125 0.114875 2023-10-30T16:11:22.718750
340 0.601875 0.114375 2023-10-30T16:11:22.718750
340 0.599875 0.113750 2023-10-30T16:11:22.718750
340 0.081750 0.008500 2023-10-30T16:11:22.718750
340 0.082000 0.008500 2023-10-30T16:11:22.718750
340 0.082375 0.008375 2023-10-30T16:11:22.718750
340 0.083000 0.008375 2023-10-30T16:11:22.718750
360 0.082500 0.008625 2023-10-30T16:11:29.234375
360 0.082625 0.008750 2023-10-30T16:11:29.234375
360 0.082000 0.008500 2023-10-30T16:11:29.234375
360 0.081875 0.008500 2023-10-30T16:11:29.234375
360 0.082125 0.008375 2023-10-30T16:11:29.234375
360 0.083000 0.008250 2023-10-30T16:11:29.234375
360 0.082750 0.008500 2023-10-30T16:11:29.234375
360 0.082625 0.008500 2023-10-30T16:11:29.234375
360 0.081875 0.008625 2023-10-30T16:11:29.234375
360 0.081375 0.008375 2023-10-30T16:11:29.234375
360 0.081750 0.008250 2023-10-30T16:11:29.234375
360 0.081625 0.008125 2023-10-30T16:11:29.234375
360 0.081750 0.008125 2023-10-30T16:11:29.234375
360 0.081250 0.008250 2023-10-30T16:11:29.234375
360 0.080750 0.008500 2023-10-30T16:11:29.250000
360 0.079625 0.008125 2023-10-30T16:11:29.250000
360 0.079500 0.007750 2023-10-30T16:11:29.250000
360 0.080000 0.007750 2023-10-30T16:11:29.250000
360 0.079750 0.007750 2023-10-30T16:11:29.250000
360 0.078750 0.007750 2023-10-30T16:11:29.250000
360 0.078000 0.008000 2023-10-30T16:11:29.250000
360 0.076750 0.007500 2023-10-30T16:11:29.250000
360 0.076625 0.007375 2023-10-30T16:11:29.250000
360 0.076375 0.007250 2023-10-30T16:11:29.250000
360 0.076125 0.007125 2023-10-30T16:11:29.250000
360 0.075750 0.007250 2023-10-30T16:11:29.250000
360 0.074625 0.007500 2023-10-30T16:11:29.250000
360 0.073125 0.007250 2023-10-30T16:11:29.250000
360 0.072250 0.007000 2023-10-30T16:11:29.250000
360 0.071625 0.006625 2023-10-30T16:11:29.250000
360 0.071625 0.006375 2023-10-30T16:11:29.250000
360 0.070375 0.006375 2023-10-30T16:11:29.250000
360 0.069500 0.006500 2023-10-30T16:11:29.250000
360 0.068250 0.006500 2023-10-30T16:11:29.250000
360 0.067000 0.006125 2023-10-30T16:11:29.250000
360 0.066250 0.006000 2023-10-30T16:11:29.250000
360 0.066125 0.005625 2023-10-30T16:11:29.250000
360 0.065500 0.005500 2023-10-30T16:11:29.250000
360 0.064125 0.005500 2023-10-30T16:11:29.250000
360 0.062625 0.005625 2023-10-30T16:11:29.250000
360 0.061250 0.005250 2023-10-30T16:11:29.250000
360 0.060500 0.005000 2023-10-30T16:11:29.250000
360 0.060125 0.004500 2023-10-30T16:11:29.250000
360 0.059750 0.004750 2023-10-30T16:11:29.250000
360 0.058375 0.004750 2023-10-30T16:11:29.265625
360 0.057500 0.004875 2023-10-30T16:11:29.265625
360 0.095125 0.033875 2023-10-30T16:11:29.265625
360 0.095000 0.034000 2023-10-30T16:11:29.265625
360 0.094625 0.034000 2023-10-30T16:11:29.265625
360 0.094125 0.034125 2023-10-30T16:11:29.265625
380 0.094125 0.034000 2023-10-30T16:11:35.781250
380 0.094250 0.033875 2023-10-30T16:11:35.781250
380 0.095125 0.033750 2023-10-30T16:11:35.781250
380 0.094625 0.033750 2023-10-30T16:11:35.781250
380 0.094500 0.034000 2023-10-30T16:11:35.781250
380 0.094250 0.034000 2023-10-30T16:11:35.781250
380 0.093625 0.034000 2023-10-30T16:11:35.781250
380 0.094625 0.033625 2023-10-30T16:11:35.781250
380 0.095125 0.033750 2023-10-30T16:11:35.781250
380 0.095375 0.034125 2023-10-30T16:11:35.781250
380 0.095375 0.034125 2023-10-30T16:11:35.781250
380 0.095125 0.034125 2023-10-30T16:11:35.781250
380 0.094750 0.034250 2023-10-30T16:11:35.781250
380 0.095625 0.034250 2023-10-30T16:11:35.781250
380 0.096750 0.034375 2023-10-30T16:11:35.781250
380 0.097375 0.034500 2023-10-30T16:11:35.781250
380 0.097625 0.034750 2023-10-30T16:11:35.781250
380 0.097750 0.035125 2023-10-30T16:11:35.781250
380 0.097375 0.035125 2023-10-30T16:11:35.781250
380 0.098625 0.035375 2023-10-30T16:11:35.781250
380 0.099125 0.035250 2023-10-30T16:11:35.781250
380 0.100875 0.035500 2023-10-30T16:11:35.781250
380 0.101125 0.035750 2023-10-30T16:11:35.796875
380 0.101750 0.036125 2023-10-30T16:11:35.796875
380 0.102000 0.036500 2023-10-30T16:11:35.796875
380 0.102750 0.036500 2023-10-30T16:11:35.796875
380 0.103875 0.036625 2023-10-30T16:11:35.796875
380 0.105500 0.036875 2023-10-30T16:11:35.796875
380 0.106250 0.037250 2023-10-30T16:11:35.796875
380 0.107375 0.037875 2023-10-30T16:11:35.796875
380 0.107375 0.038125 2023-10-30T16:11:35.796875
380 0.108250 0.038125 2023-10-30T16:11:35.796875
380 0.110000 0.038625 2023-10-30T16:11:35.796875
380 0.111625 0.038875 2023-10-30T16:11:35.796875
380 0.113250 0.039125 2023-10-30T16:11:35.796875
380 0.114250 0.039875 2023-10-30T16:11:35.796875
380 0.115125 0.040250 2023-10-30T16:11:35.796875
380 0.115500 0.040500 2023-10-30T16:11:35.796875
380 0.117500 0.040750 2023-10-30T16:11:35.796875
380 0.119125 0.041125 2023-10-30T16:11:35.796875
380 0.121000 0.041625 2023-10-30T16:11:35.796875
380 0.122250 0.041875 2023-10-30T16:11:35.796875
380 0.123375 0.042375 2023-10-30T16:11:35.796875
380 0.123875 0.042500 2023-10-30T16:11:35.796875
380 0.125500 0.042875 2023-10-30T16:11:35.796875
380 0.714375 0.194000 2023-10-30T16:11:35.796875
380 0.714625 0.194000 2023-10-30T16:11:35.796875
380 0.714000 0.194250 2023-10-30T16:11:35.796875
380 0.713875 0.194375 2023-10-30T16:11:35.796875
380 0.713000 0.194125 2023-10-30T16:11:35.796875
400 0.713500 0.194125 2023-10-30T16:11:42.328125
400 0.713500 0.194000 2023-10-30T16:11:42.328125
400 0.714000 0.193875 2023-10-30T16:11:42.328125
400 0.713875 0.194125 2023-10-30T16:11:42.328125
400 0.714000 0.194250 2023-10-30T16:11:42.328125
400 0.713000 0.194125 2023-10-30T16:11:42.328125
400 0.713250 0.194375 2023-10-30T16:11:42.328125
400 0.714375 0.194375 2023-10-30T16:11:42.328125
400 0.715250 0.194125 2023-10-30T16:11:42.328125
400 0.715500 0.194375 2023-10-30T16:11:42.328125
400 0.716125 0.194750 2023-10-30T16:11:42.328125
400 0.716000 0.195000 2023-10-30T16:11:42.328125
400 0.716500 0.195000 2023-10-30T16:11:42.328125
400 0.717875 0.195250 2023-10-30T16:11:42.328125
400 0.718875 0.195125 2023-10-30T16:11:42.328125
400 0.720500 0.195875 2023-10-30T16:11:42.328125
400 0.721500 0.196375 2023-10-30T16:11:42.328125
400 0.722125 0.196750 2023-10-30T16:11:42.328125
400 0.723125 0.196750 2023-10-30T16:11:42.328125
400 0.724750 0.197000 2023-10-30T16:11:42.328125
400 0.726500 0.197250 2023-10-30T16:11:42.328125
400 0.728750 0.197750 2023-10-30T16:11:42.328125
400 0.730250 0.198250 2023-10-30T16:11:42.328125
400 0.732000 0.199000 2023-10-30T16:11:42.328125
400 0.732875 0.199500 2023-10-30T16:11:42.328125
400 0.735125 0.199750 2023-10-30T16:11:42.328125
400 0.737500 0.200000 2023-10-30T16:11:42.328125
400 0.740250 0.200750 2023-10-30T16:11:42.328125
400 0.742250 0.201250 2023-10-30T16:11:42.343750
400 0.744750 0.202000 2023-10-30T16:11:42.343750
400 0.746500 0.202750 2023-10-30T16:11:42.343750
400 0.748875 0.203125 2023-10-30T16:11:42.343750
400 0.751875 0.203500 2023-10-30T16:11:42.343750
400 0.755500 0.204125 2023-10-30T16:11:42.343750
400 0.758000 0.205000 2023-10-30T16:11:42.343750
400 0.760875 0.206000 2023-10-30T16:11:42.343750
400 0.763375 0.206625 2023-10-30T16:11:42.343750
400 0.765375 0.207250 2023-10-30T16:11:42.343750
400 0.768875 0.207750 2023-10-30T16:11:42.343750
400 0.772000 0.208375 2023-10-30T16:11:42.343750
400 0.775250 0.209250 2023-10-30T16:11:42.343750
400 0.777750 0.209875 2023-10-30T16:11:42.343750
400 0.780375 0.210750 2023-10-30T16:11:42.343750
400 0.782500 0.211250 2023-10-30T16:11:42.343750
400 0.785875 0.212000 2023-10-30T16:11:42.343750
400 1.604750 0.411000 2023-10-30T16:11:42.343750
400 1.605250 0.410750 2023-10-30T16:11:42.343750
400 1.605250 0.410750 2023-10-30T16:11:42.343750
400 1.605125 0.410875 2023-10-30T16:11:42.343750
400 1.604625 0.411000 2023-10-30T16:11:42.343750
420 1.604750 0.410750 2023-10-30T16:11:48.859375
420 1.604750 0.411000 2023-10-30T16:11:48.859375
420 1.605250 0.410750 2023-10-30T16:11:48.859375
420 1.605250 0.410750 2023-10-30T16:11:48.859375
420 1.605125 0.410875 2023-10-30T16:11:48.859375
420 1.604625 0.411000 2023-10-30T16:11:48.875000
420 1.604750 0.410750 2023-10-30T16:11:48.875000
420 1.604750 0.411000 2023-10-30T16:11:48.875000
420 1.605250 0.410750 2023-10-30T16:11:48.875000
420 1.605250 0.410750 2023-10-30T16:11:48.875000
420 1.605125 0.410875 2023-10-30T16:11:48.875000
420 1.604625 0.411000 2023-10-30T16:11:48.875000
420 1.604125 0.410750 2023-10-30T16:11:48.875000
420 1.604125 0.410625 2023-10-30T16:11:48.875000
420 1.604500 0.410625 2023-10-30T16:11:48.875000
420 1.604750 0.410750 2023-10-30T16:11:48.875000
420 1.603375 0.410750 2023-10-30T16:11:48.875000
420 1.604125 0.411125 2023-10-30T16:11:48.875000
420 1.604625 0.411000 2023-10-30T16:11:48.875000
420 1.605000 0.411000 2023-10-30T16:11:48.875000
420 1.605875 0.411125 2023-10-30T16:11:48.875000
420 1.607000 0.411250 2023-10-30T16:11:48.875000
420 1.607125 0.411625 2023-10-30T16:11:48.875000
420 1.608375 0.412000 2023-10-30T16:11:48.875000
420 1.608500 0.412125 2023-10-30T16:11:48.875000
420 1.609625 0.412375 2023-10-30T16:11:48.875000
420 1.611000 0.412625 2023-10-30T16:11:48.875000
420 1.612875 0.412750 2023-10-30T16:11:48.875000
420 1.613875 0.413250 2023-10-30T16:11:48.875000
420 1.615375 0.413750 2023-10-30T16:11:48.875000
420 1.616250 0.414000 2023-10-30T16:11:48.875000
420 1.617750 0.414375 2023-10-30T16:11:48.875000
420 1.619875 0.414625 2023-10-30T16:11:48.875000
420 1.622250 0.415000 2023-10-30T16:11:48.875000
420 1.624375 0.416000 2023-10-30T16:11:48.890625
420 1.626500 0.416375 2023-10-30T16:11:48.890625
420 1.628500 0.417125 2023-10-30T16:11:48.890625
420 1.630000 0.417250 2023-10-30T16:11:48.890625
420 1.632875 0.417750 2023-10-30T16:11:48.890625
420 1.635750 0.418250 2023-10-30T16:11:48.890625
420 1.638625 0.419125 2023-10-30T16:11:48.890625
420 1.641000 0.419875 2023-10-30T16:11:48.890625
420 1.643250 0.420750 2023-10-30T16:11:48.890625
420 2.326250 0.585375 2023-10-30T16:11:48.890625
420 2.326750 0.585375 2023-10-30T16:11:48.890625
420 2.327375 0.585500 2023-10-30T16:11:48.890625
420 2.326750 0.585625 2023-10-30T16:11:48.890625
420 2.327125 0.585750 2023-10-30T16:11:48.890625
440 2.325750 0.585500 2023-10-30T16:11:55.406250
440 2.326000 0.585375 2023-10-30T16:11:55.406250
440 2.326250 0.585250 2023-10-30T16:11:55.406250
440 2.327625 0.585375 2023-10-30T16:11:55.406250
440 2.326875 0.585625 2023-10-30T16:11:55.406250
440 2.326750 0.585875 2023-10-30T16:11:55.406250
440 2.326500 0.585750 2023-10-30T16:11:55.406250
440 2.326750 0.585625 2023-10-30T16:11:55.406250
440 2.327375 0.585625 2023-10-30T16:11:55.406250
440 2.328750 0.585625 2023-10-30T16:11:55.406250
440 2.328750 0.586000 2023-10-30T16:11:55.421875
440 2.329375 0.586250 2023-10-30T16:11:55.421875
440 2.329625 0.586375 2023-10-30T16:11:55.421875
440 2.329625 0.586625 2023-10-30T16:11:55.421875
440 2.330875 0.586750 2023-10-30T16:11:55.421875
440 2.332250 0.586750 2023-10-30T16:11:55.421875
440 2.332750 0.586875 2023-10-30T16:11:55.421875
440 2.334000 0.587375 2023-10-30T16:11:55.421875
440 2.334750 0.587500 2023-10-30T16:11:55.421875
440 2.334625 0.587750 2023-10-30T16:11:55.421875
440 2.336375 0.587875 2023-10-30T16:11:55.421875
440 2.337875 0.588000 2023-10-30T16:11:55.421875
440 2.340000 0.588375 2023-10-30T16:11:55.421875
440 2.341000 0.588750 2023-10-30T16:11:55.421875
440 2.341500 0.589250 2023-10-30T16:11:55.421875
440 2.342500 0.589500 2023-10-30T16:11:55.421875
440 2.343875 0.589500 2023-10-30T16:11:55.421875
440 2.345750 0.590000 2023-10-30T16:11:55.421875
440 2.348125 0.590125 2023-10-30T16:11:55.421875
440 2.349250 0.590750 2023-10-30T16:11:55.421875
440 2.351125 0.591250 2023-10-30T16:11:55.421875
440 2.352250 0.591500 2023-10-30T16:11:55.421875
440 2.353375 0.591875 2023-10-30T16:11:55.421875
440 2.355500 0.592125 2023-10-30T16:11:55.421875
440 2.358000 0.592625 2023-10-30T16:11:55.421875
440 2.359500 0.593000 2023-10-30T16:11:55.421875
440 2.361000 0.593375 2023-10-30T16:11:55.421875
440 2.362625 0.593750 2023-10-30T16:11:55.421875
440 2.363750 0.594125 2023-10-30T16:11:55.421875
440 2.365375 0.594500 2023-10-30T16:11:55.437500
440 2.367625 0.595000 2023-10-30T16:11:55.437500
440 2.370000 0.595125 2023-10-30T16:11:55.437500
440 2.371000 0.595750 2023-10-30T16:11:55.437500
440 2.372625 0.595875 2023-10-30T16:11:55.437500
440 2.564750 0.635125 2023-10-30T16:11:55.437500
440 2.565125 0.635000 2023-10-30T16:11:55.437500
440 2.567250 0.635125 2023-10-30T16:11:55.437500
440 2.566375 0.635375 2023-10-30T16:11:55.437500
440 2.566500 0.635500 2023-10-30T16:11:55.437500
460 2.565250 0.635375 2023-10-30T16:12:01.953125
460 2.564750 0.635125 2023-10-30T16:12:01.953125
460 2.565125 0.635000 2023-10-30T16:12:01.953125
460 2.567250 0.635125 2023-10-30T16:12:01.953125
460 2.566375 0.635375 2023-10-30T16:12:01.953125
460 2.566500 0.635500 2023-10-30T16:12:01.953125
460 2.565250 0.635375 2023-10-30T16:12:01.953125
460 2.564750 0.635125 2023-10-30T16:12:01.953125
460 2.565125 0.635000 2023-10-30T16:12:01.953125
460 2.565625 0.635000 2023-10-30T16:12:01.953125
460 2.565875 0.635375 2023-10-30T16:12:01.953125
460 2.564750 0.635125 2023-10-30T16:12:01.953125
460 2.563875 0.635125 2023-10-30T16:12:01.953125
460 2.563250 0.635125 2023-10-30T16:12:01.953125
460 2.563125 0.635000 2023-10-30T16:12:01.953125
460 2.563250 0.634750 2023-10-30T16:12:01.968750
460 2.563375 0.635000 2023-10-30T16:12:01.968750
460 2.562500 0.635250 2023-10-30T16:12:01.968750
460 2.562000 0.635000 2023-10-30T16:12:01.968750
460 2.561125 0.635125 2023-10-30T16:12:01.968750
460 2.561500 0.634875 2023-10-30T16:12:01.968750
460 2.561500 0.634625 2023-10-30T16:12:01.968750
460 2.562125 0.634625 2023-10-30T16:12:01.968750
460 2.561375 0.634625 2023-10-30T16:12:01.968750
460 2.561250 0.635000 2023-10-30T16:12:01.968750
460 2.560500 0.634875 2023-10-30T16:12:01.968750
460 2.560500 0.634625 2023-10-30T16:12:01.968750
460 2.561125 0.634500 2023-10-30T16:12:01.968750
460 2.561875 0.634500 2023-10-30T16:12:01.968750
460 2.561500 0.634625 2023-10-30T16:12:01.968750
460 2.562000 0.634500 2023-10-30T16:12:01.968750
460 2.560875 0.634625 2023-10-30T16:12:01.968750
460 2.561125 0.634500 2023-10-30T16:12:01.968750
460 2.561250 0.634375 2023-10-30T16:12:01.968750
460 2.561875 0.634000 2023-10-30T16:12:01.968750
460 2.562375 0.634000 2023-10-30T16:12:01.968750
460 2.562000 0.634250 2023-10-30T16:12:01.968750
460 2.561625 0.634375 2023-10-30T16:12:01.968750
460 2.561125 0.634000 2023-10-30T16:12:01.968750
460 2.561125 0.633875 2023-10-30T16:12:01.968750
460 2.561875 0.633500 2023-10-30T16:12:01.968750
460 2.562125 0.633500 2023-10-30T16:12:01.968750
460 2.561625 0.633625 2023-10-30T16:12:01.968750
460 2.255250 0.538375 2023-10-30T16:12:01.968750
460 2.255625 0.538375 2023-10-30T16:12:01.984375
460 2.256125 0.538250 2023-10-30T16:12:01.984375
460 2.255500 0.538500 2023-10-30T16:12:01.984375
480 2.256000 0.538625 2023-10-30T16:12:08.500000
480 2.255125 0.538500 2023-10-30T16:12:08.500000
480 2.255250 0.538375 2023-10-30T16:12:08.500000
480 2.255625 0.538375 2023-10-30T16:12:08.500000
480 2.256125 0.538250 2023-10-30T16:12:08.500000
480 2.255500 0.538500 2023-10-30T16:12:08.500000
480 2.256000 0.538625 2023-10-30T16:12:08.500000
480 2.255125 0.538500 2023-10-30T16:12:08.500000
480 2.255250 0.538375 2023-10-30T16:12:08.500000
480 2.255125 0.538250 2023-10-30T16:12:08.500000
480 2.256125 0.538125 2023-10-30T16:12:08.500000
480 2.256250 0.538250 2023-10-30T16:12:08.500000
480 2.255875 0.538375 2023-10-30T16:12:08.500000
480 2.255250 0.538500 2023-10-30T16:12:08.500000
480 2.255250 0.538250 2023-10-30T16:12:08.500000
480 2.255000 0.538250 2023-10-30T16:12:08.500000
480 2.255750 0.538000 2023-10-30T16:12:08.500000
480 2.255625 0.538000 2023-10-30T16:12:08.500000
480 2.254875 0.538125 2023-10-30T16:12:08.500000
480 2.253875 0.537875 2023-10-30T16:12:08.500000
480 2.252500 0.537625 2023-10-30T16:12:08.500000
480 2.252250 0.537375 2023-10-30T16:12:08.500000
480 2.252000 0.537125 2023-10-30T16:12:08.500000
480 2.252250 0.537000 2023-10-30T16:12:08.515625
480 2.250875 0.536750 2023-10-30T16:12:08.515625
480 2.249875 0.536875 2023-10-30T16:12:08.515625
480 2.248250 0.536375 2023-10-30T16:12:08.515625
480 2.247250 0.536000 2023-10-30T16:12:08.515625
480 2.246250 0.535375 2023-10-30T16:12:08.515625
480 2.245750 0.535250 2023-10-30T16:12:08.515625
480 2.244250 0.535125 2023-10-30T16:12:08.515625
480 2.243250 0.534875 2023-10-30T16:12:08.515625
480 2.241000 0.534500 2023-10-30T16:12:08.515625
480 2.239250 0.534125 2023-10-30T16:12:08.515625
480 2.238250 0.533375 2023-10-30T16:12:08.515625
480 2.236875 0.532875 2023-10-30T16:12:08.515625
480 2.235375 0.532500 2023-10-30T16:12:08.515625
480 2.233500 0.532125 2023-10-30T16:12:08.515625
480 2.231500 0.531625 2023-10-30T16:12:08.515625
480 2.228875 0.531000 2023-10-30T16:12:08.515625
480 2.227125 0.530500 2023-10-30T16:12:08.515625
480 2.226125 0.529750 2023-10-30T16:12:08.515625
480 2.224500 0.529500 2023-10-30T16:12:08.515625
480 2.222250 0.529000 2023-10-30T16:12:08.515625
480 1.520125 0.338500 2023-10-30T16:12:08.515625
480 1.520875 0.338375 2023-10-30T16:12:08.515625
480 1.521000 0.338375 2023-10-30T16:12:08.515625
500 1.520875 0.338500 2023-10-30T16:12:15.031250
500 1.520875 0.338500 2023-10-30T16:12:15.031250
500 1.520625 0.338750 2023-10-30T16:12:15.046875
500 1.520125 0.338500 2023-10-30T16:12:15.046875
500 1.520875 0.338375 2023-10-30T16:12:15.046875
500 1.521000 0.338375 2023-10-30T16:12:15.046875
500 1.520875 0.338500 2023-10-30T16:12:15.046875
500 1.520875 0.338500 2023-10-30T16:12:15.046875
500 1.520625 0.338750 2023-10-30T16:12:15.046875
500 1.519750 0.338375 2023-10-30T16:12:15.046875
500 1.520375 0.338250 2023-10-30T16:12:15.046875
500 1.521000 0.338375 2023-10-30T16:12:15.046875
500 1.521125 0.338500 2023-10-30T16:12:15.046875
500 1.520875 0.338750 2023-10-30T16:12:15.046875
500 1.520875 0.338750 2023-10-30T16:12:15.046875
500 1.519625 0.338250 2023-10-30T16:12:15.046875
500 1.519375 0.338250 2023-10-30T16:12:15.046875
500 1.519375 0.337750 2023-10-30T16:12:15.046875
500 1.519625 0.337625 2023-10-30T16:12:15.046875
500 1.518500 0.337500 2023-10-30T16:12:15.046875
500 1.517500 0.337500 2023-10-30T16:12:15.046875
500 1.515750 0.337375 2023-10-30T16:12:15.046875
500 1.515000 0.337000 2023-10-30T16:12:15.046875
500 1.514500 0.336500 2023-10-30T16:12:15.046875
500 1.514500 0.336250 2023-10-30T16:12:15.046875
500 1.512250 0.335875 2023-10-30T16:12:15.046875
500 1.511125 0.335625 2023-10-30T16:12:15.046875
500 1.509000 0.335250 2023-10-30T16:12:15.046875
500 1.506750 0.334750 2023-10-30T16:12:15.046875
500 1.505625 0.334250 2023-10-30T16:12:15.046875
500 1.504750 0.333750 2023-10-30T16:12:15.046875
500 1.502875 0.333125 2023-10-30T16:12:15.062500
500 1.500750 0.332875 2023-10-30T16:12:15.062500
500 1.498375 0.332625 2023-10-30T16:12:15.062500
500 1.495625 0.331750 2023-10-30T16:12:15.062500
500 1.493250 0.331000 2023-10-30T16:12:15.062500
500 1.491375 0.330250 2023-10-30T16:12:15.062500
500 1.489500 0.329625 2023-10-30T16:12:15.062500
500 1.486750 0.329000 2023-10-30T16:12:15.062500
500 1.484375 0.328750 2023-10-30T16:12:15.062500
500 1.480375 0.327625 2023-10-30T16:12:15.062500
500 1.477875 0.327000 2023-10-30T16:12:15.062500
500 1.475250 0.326000 2023-10-30T16:12:15.062500
500 1.472875 0.325500 2023-10-30T16:12:15.062500
500 0.666125 0.128750 2023-10-30T16:12:15.062500
500 0.666125 0.128750 2023-10-30T16:12:15.062500
500 0.666750 0.128625 2023-10-30T16:12:15.062500
500 0.667250 0.128500 2023-10-30T16:12:15.062500
500 0.667375 0.128750 2023-10-30T16:12:15.062500
520 0.667125 0.128875 2023-10-30T16:12:21.578125
520 0.666125 0.128750 2023-10-30T16:12:21.578125
520 0.666125 0.128750 2023-10-30T16:12:21.578125
520 0.666750 0.128625 2023-10-30T16:12:21.593750
520 0.667250 0.128500 2023-10-30T16:12:21.593750
520 0.667375 0.128750 2023-10-30T16:12:21.593750
520 0.667125 0.128875 2023-10-30T16:12:21.593750
520 0.666375 0.128875 2023-10-30T16:12:21.593750
520 0.666125 0.128500 2023-10-30T16:12:21.593750
520 0.666375 0.128625 2023-10-30T16:12:21.593750
520 0.667000 0.128500 2023-10-30T16:12:21.593750
520 0.667000 0.128625 2023-10-30T16:12:21.593750
520 0.667250 0.128750 2023-10-30T16:12:21.593750
520 0.666500 0.128750 2023-10-30T16:12:21.593750
520 0.665125 0.128500 2023-10-30T16:12:21.593750
520 0.665625 0.128375 2023-10-30T16:12:21.593750
520 0.665125 0.128125 2023-10-30T16:12:21.593750
520 0.664750 0.128000 2023-10-30T16:12:21.593750
520 0.663750 0.128125 2023-10-30T16:12:21.593750
520 0.663125 0.127750 2023-10-30T16:12:21.593750
520 0.661500 0.127500 2023-10-30T16:12:21.593750
520 0.660375 0.127250 2023-10-30T16:12:21.593750
520 0.659750 0.126750 2023-10-30T16:12:21.593750
520 0.659375 0.126750 2023-10-30T16:12:21.593750
520 0.658000 0.126375 2023-10-30T16:12:21.593750
520 0.656250 0.126250 2023-10-30T16:12:21.593750
520 0.654000 0.125875 2023-10-30T16:12:21.593750
520 0.652750 0.125375 2023-10-30T16:12:21.593750
520 0.651375 0.124750 2023-10-30T16:12:21.593750
520 0.650000 0.124250 2023-10-30T16:12:21.593750
520 0.648500 0.124250 2023-10-30T16:12:21.593750
520 0.646250 0.123750 2023-10-30T16:12:21.593750
520 0.643875 0.123375 2023-10-30T16:12:21.609375
520 0.641625 0.122875 2023-10-30T16:12:21.609375
520 0.639500 0.122375 2023-10-30T16:12:21.609375
520 0.638000 0.121500 2023-10-30T16:12:21.609375
520 0.635750 0.121125 2023-10-30T16:12:21.609375
520 0.633250 0.120875 2023-10-30T16:12:21.609375
520 0.630375 0.120500 2023-10-30T16:12:21.609375
520 0.627250 0.119750 2023-10-30T16:12:21.609375
520 0.624875 0.118875 2023-10-30T16:12:21.609375
520 0.623000 0.118125 2023-10-30T16:12:21.609375
520 0.620625 0.117625 2023-10-30T16:12:21.609375
520 0.617625 0.117500 2023-10-30T16:12:21.609375
520 0.083250 0.008500 2023-10-30T16:12:21.609375
520 0.084000 0.008500 2023-10-30T16:12:21.609375
520 0.083500 0.008500 2023-10-30T16:12:21.609375
520 0.083500 0.008750 2023-10-30T16:12:21.609375
520 0.082750 0.008625 2023-10-30T16:12:21.609375
540 0.082750 0.008500 2023-10-30T16:12:28.125000
540 0.083250 0.008500 2023-10-30T16:12:28.125000
540 0.084000 0.008500 2023-10-30T16:12:28.125000
540 0.083500 0.008500 2023-10-30T16:12:28.125000
540 0.083500 0.008750 2023-10-30T16:12:28.125000
540 0.082750 0.008625 2023-10-30T16:12:28.125000
540 0.082500 0.008250 2023-10-30T16:12:28.125000
540 0.083000 0.008250 2023-10-30T16:12:28.125000
540 0.083250 0.008500 2023-10-30T16:12:28.125000
540 0.083750 0.008375 2023-10-30T16:12:28.140625
540 0.083250 0.008500 2023-10-30T16:12:28.140625
540 0.083000 0.008500 2023-10-30T16:12:28.140625
540 0.082125 0.008375 2023-10-30T16:12:28.140625
540 0.082750 0.008375 2023-10-30T16:12:28.140625
540 0.082875 0.008375 2023-10-30T16:12:28.140625
540 0.083125 0.008375 2023-10-30T16:12:28.140625
540 0.082250 0.008375 2023-10-30T16:12:28.140625
540 0.081875 0.008500 2023-10-30T16:12:28.140625
540 0.081000 0.008375 2023-10-30T16:12:28.140625
540 0.080750 0.008250 2023-10-30T16:12:28.140625
540 0.080625 0.007875 2023-10-30T16:12:28.140625
540 0.081375 0.007875 2023-10-30T16:12:28.140625
540 0.080500 0.008000 2023-10-30T16:12:28.140625
540 0.079625 0.008000 2023-10-30T16:12:28.140625
540 0.078625 0.007875 2023-10-30T16:12:28.140625
540 0.078000 0.007625 2023-10-30T16:12:28.140625
540 0.077750 0.007500 2023-10-30T16:12:28.140625
540 0.077500 0.007375 2023-10-30T16:12:28.140625
540 0.076875 0.007375 2023-10-30T16:12:28.140625
540 0.076000 0.007375 2023-10-30T16:12:28.140625
540 0.074500 0.007250 2023-10-30T16:12:28.140625
540 0.073625 0.007000 2023-10-30T16:12:28.140625
540 0.073500 0.006750 2023-10-30T16:12:28.140625
540 0.073000 0.006625 2023-10-30T16:12:28.140625
540 0.072500 0.006750 2023-10-30T16:12:28.140625
540 0.071375 0.006500 2023-10-30T16:12:28.140625
540 0.070250 0.006375 2023-10-30T16:12:28.140625
540 0.068625 0.006125 2023-10-30T16:12:28.140625
540 0.068000 0.005875 2023-10-30T16:12:28.140625
540 0.067375 0.005750 2023-10-30T16:12:28.156250
540 0.066875 0.005625 2023-10-30T16:12:28.156250
540 0.065250 0.005750 2023-10-30T16:12:28.156250
540 0.064125 0.005625 2023-10-30T16:12:28.156250
540 0.062625 0.005375 2023-10-30T16:12:28.156250
540 0.062000 0.005250 2023-10-30T16:12:28.156250
540 0.094000 0.033875 2023-10-30T16:12:28.156250
540 0.094500 0.033750 2023-10-30T16:12:28.156250
540 0.095125 0.033625 2023-10-30T16:12:28.156250
560 0.094750 0.033750 2023-10-30T16:12:34.671875
560 0.094625 0.034250 2023-10-30T16:12:34.671875
560 0.093750 0.034000 2023-10-30T16:12:34.671875
560 0.094000 0.033875 2023-10-30T16:12:34.671875
560 0.094500 0.033750 2023-10-30T16:12:34.671875
560 0.095125 0.033625 2023-10-30T16:12:34.671875
560 0.094750 0.033750 2023-10-30T16:12:34.671875
560 0.094625 0.033875 2023-10-30T16:12:34.671875
560 0.093875 0.033875 2023-10-30T16:12:34.671875
560 0.094125 0.034000 2023-10-30T16:12:34.671875
560 0.094500 0.033875 2023-10-30T16:12:34.671875
560 0.095000 0.033750 2023-10-30T16:12:34.671875
560 0.095125 0.033875 2023-10-30T16:12:34.671875
560 0.095000 0.034125 2023-10-30T16:12:34.671875
560 0.094750 0.034250 2023-10-30T16:12:34.671875
560 0.094625 0.034000 2023-10-30T16:12:34.671875
560 0.095125 0.034000 2023-10-30T16:12:34.687500
560 0.096000 0.034125 2023-10-30T16:12:34.687500
560 0.096625 0.034375 2023-10-30T16:12:34.687500
560 0.096500 0.034500 2023-10-30T16:12:34.687500
560 0.096625 0.034875 2023-10-30T16:12:34.687500
560 0.096500 0.034875 2023-10-30T16:12:34.687500
560 0.097500 0.034750 2023-10-30T16:12:34.687500
560 0.098375 0.035000 2023-10-30T16:12:34.687500
560 0.099625 0.035125 2023-10-30T16:12:34.687500
560 0.099625 0.035375 2023-10-30T16:12:34.687500
560 0.100125 0.035875 2023-10-30T16:12:34.687500
560 0.100125 0.035875 2023-10-30T16:12:34.687500
560 0.101125 0.035750 2023-10-30T16:12:34.687500
560 0.102375 0.036125 2023-10-30T16:12:34.687500
560 0.103625 0.036375 2023-10-30T16:12:34.687500
560 0.104500 0.036625 2023-10-30T16:12:34.687500
560 0.105375 0.037125 2023-10-30T16:12:34.687500
560 0.105500 0.037375 2023-10-30T16:12:34.687500
560 0.106375 0.037500 2023-10-30T16:12:34.687500
560 0.107875 0.037625 2023-10-30T16:12:34.687500
560 0.109625 0.037875 2023-10-30T16:12:34.687500
560 0.110375 0.038375 2023-10-30T16:12:34.687500
560 0.111500 0.039000 2023-10-30T16:12:34.687500
560 0.112250 0.039125 2023-10-30T16:12:34.687500
560 0.113250 0.039750 2023-10-30T16:12:34.687500
560 0.114875 0.039875 2023-10-30T16:12:34.687500
560 0.116625 0.040250 2023-10-30T16:12:34.687500
560 0.118125 0.040625 2023-10-30T16:12:34.687500
560 0.119250 0.041125 2023-10-30T16:12:34.687500
560 0.718625 0.192875 2023-10-30T16:12:34.703125
560 0.718000 0.193125 2023-10-30T16:12:34.703125
560 0.718000 0.193125 2023-10-30T16:12:34.703125
580 0.717000 0.193125 2023-10-30T16:12:41.218750
580 0.717625 0.193125 2023-10-30T16:12:41.218750
580 0.718000 0.193000 2023-10-30T16:12:41.218750
580 0.718625 0.192875 2023-10-30T16:12:41.218750
580 0.718000 0.193125 2023-10-30T16:12:41.218750
580 0.718000 0.193125 2023-10-30T16:12:41.218750
580 0.717500 0.193125 2023-10-30T16:12:41.218750
580 0.717375 0.193000 2023-10-30T16:12:41.218750
580 0.717750 0.192875 2023-10-30T16:12:41.218750
580 0.718000 0.192750 2023-10-30T16:12:41.218750
580 0.718375 0.193125 2023-10-30T16:12:41.218750
580 0.718375 0.193000 2023-10-30T16:12:41.218750
580 0.717750 0.193125 2023-10-30T16:12:41.218750
580 0.717875 0.193375 2023-10-30T16:12:41.218750
580 0.719000 0.193500 2023-10-30T16:12:41.218750
580 0.719625 0.193125 2023-10-30T16:12:41.218750
580 0.721000 0.193750 2023-10-30T16:12:41.218750
580 0.721375 0.194125 2023-10-30T16:12:41.218750
580 0.722250 0.194375 2023-10-30T16:12:41.218750
580 0.722250 0.194500 2023-10-30T16:12:41.218750
580 0.723750 0.194750 2023-10-30T16:12:41.218750
580 0.725250 0.194875 2023-10-30T16:12:41.218750
580 0.727375 0.195250 2023-10-30T16:12:41.218750
580 0.728125 0.195625 2023-10-30T16:12:41.234375
580 0.729625 0.196125 2023-10-30T16:12:41.234375
580 0.730500 0.196500 2023-10-30T16:12:41.234375
580 0.732250 0.196875 2023-10-30T16:12:41.234375
580 0.734000 0.197250 2023-10-30T16:12:41.234375
580 0.736625 0.197750 2023-10-30T16:12:41.234375
580 0.738250 0.198250 2023-10-30T16:12:41.234375
580 0.740000 0.198625 2023-10-30T16:12:41.234375
580 0.741625 0.199375 2023-10-30T16:12:41.234375
580 0.743500 0.199750 2023-10-30T16:12:41.234375
580 0.746000 0.200250 2023-10-30T16:12:41.234375
580 0.749375 0.200625 2023-10-30T16:12:41.234375
580 0.751750 0.201500 2023-10-30T16:12:41.234375
580 0.754125 0.202375 2023-10-30T16:12:41.234375
580 0.756750 0.203125 2023-10-30T16:12:41.234375
580 0.758625 0.203625 2023-10-30T16:12:41.234375
580 0.761750 0.204375 2023-10-30T16:12:41.234375
580 0.765125 0.204875 2023-10-30T16:12:41.234375
580 0.768500 0.205500 2023-10-30T16:12:41.234375
580 0.771000 0.206500 2023-10-30T16:12:41.234375
580 0.773375 0.207250 2023-10-30T16:12:41.234375
580 0.775750 0.207625 2023-10-30T16:12:41.234375
580 0.778750 0.208500 2023-10-30T16:12:41.234375
580 1.592500 0.411750 2023-10-30T16:12:41.234375
580 1.592125 0.411875 2023-10-30T16:12:41.234375
580 1.591375 0.412000 2023-10-30T16:12:41.234375
600 1.590750 0.412000 2023-10-30T16:12:47.750000
600 1.591375 0.411875 2023-10-30T16:12:47.765625
600 1.591500 0.411750 2023-10-30T16:12:47.765625
600 1.592500 0.411750 2023-10-30T16:12:47.765625
600 1.592125 0.411875 2023-10-30T16:12:47.765625
600 1.592250 0.412000 2023-10-30T16:12:47.765625
600 1.591000 0.411750 2023-10-30T16:12:47.765625
600 1.591375 0.412000 2023-10-30T16:12:47.765625
600 1.592250 0.411750 2023-10-30T16:12:47.765625
600 1.593125 0.411875 2023-10-30T16:12:47.765625
600 1.593125 0.412000 2023-10-30T16:12:47.765625
600 1.593750 0.412250 2023-10-30T16:12:47.765625
600 1.593250 0.412125 2023-10-30T16:12:47.765625
600 1.593875 0.412250 2023-10-30T16:12:47.765625
600 1.594750 0.412500 2023-10-30T16:12:47.765625
600 1.596500 0.412500 2023-10-30T16:12:47.765625
600 1.597000 0.412875 2023-10-30T16:12:47.765625
600 1.598000 0.413500 2023-10-30T16:12:47.765625
600 1.598500 0.413625 2023-10-30T16:12:47.765625
600 1.599250 0.413750 2023-10-30T16:12:47.765625
600 1.600875 0.413750 2023-10-30T16:12:47.765625
600 1.602375 0.414125 2023-10-30T16:12:47.765625
600 1.604625 0.414625 2023-10-30T16:12:47.765625
600 1.605250 0.415125 2023-10-30T16:12:47.765625
600 1.606250 0.415750 2023-10-30T16:12:47.765625
600 1.607500 0.415750 2023-10-30T16:12:47.765625
600 1.609875 0.416375 2023-10-30T16:12:47.765625
600 1.612000 0.416625 2023-10-30T16:12:47.765625
600 1.614375 0.417250 2023-10-30T16:12:47.765625
600 1.616250 0.418000 2023-10-30T16:12:47.765625
600 1.618375 0.418625 2023-10-30T16:12:47.781250
600 1.619750 0.419000 2023-10-30T16:12:47.781250
600 1.621750 0.419500 2023-10-30T16:12:47.781250
600 1.625000 0.420000 2023-10-30T16:12:47.781250
600 1.628375 0.420625 2023-10-30T16:12:47.781250
600 1.630250 0.421500 2023-10-30T16:12:47.781250
600 1.633000 0.422375 2023-10-30T16:12:47.781250
600 1.635000 0.423250 2023-10-30T16:12:47.781250
600 1.638125 0.423625 2023-10-30T16:12:47.781250
600 1.641125 0.424125 2023-10-30T16:12:47.781250
600 1.644625 0.424625 2023-10-30T16:12:47.781250
600 1.647375 0.425500 2023-10-30T16:12:47.781250
600 1.650500 0.426375 2023-10-30T16:12:47.781250
600 1.653250 0.427375 2023-10-30T16:12:47.781250
600 1.654875 0.427875 2023-10-30T16:12:47.781250
600 1.658500 0.428625 2023-10-30T16:12:47.781250
600 2.312625 0.587250 2023-10-30T16:12:47.781250
600 2.312375 0.587500 2023-10-30T16:12:47.781250
600 2.311750 0.587750 2023-10-30T16:12:47.781250
620 2.311375 0.587250 2023-10-30T16:12:54.296875
620 2.311375 0.587500 2023-10-30T16:12:54.296875
620 2.312125 0.587250 2023-10-30T16:12:54.296875
620 2.312625 0.587250 2023-10-30T16:12:54.296875
620 2.312375 0.587500 2023-10-30T16:12:54.312500
620 2.311750 0.587750 2023-10-30T16:12:54.312500
620 2.311375 0.587250 2023-10-30T16:12:54.312500
620 2.311375 0.587500 2023-10-30T16:12:54.312500
620 2.312125 0.587250 2023-10-30T16:12:54.312500
620 2.312625 0.587250 2023-10-30T16:12:54.312500
620 2.312375 0.587500 2023-10-30T16:12:54.312500
620 2.311750 0.587750 2023-10-30T16:12:54.312500
620 2.311375 0.587250 2023-10-30T16:12:54.312500
620 2.311375 0.587500 2023-10-30T16:12:54.312500
620 2.312125 0.587250 2023-10-30T16:12:54.312500
620 2.312625 0.587250 2023-10-30T16:12:54.312500
620 2.312250 0.587500 2023-10-30T16:12:54.312500
620 2.312000 0.587500 2023-10-30T16:12:54.312500
620 2.311000 0.587500 2023-10-30T16:12:54.312500
620 2.311625 0.587625 2023-10-30T16:12:54.312500
620 2.312125 0.587250 2023-10-30T16:12:54.312500
620 2.312750 0.587250 2023-10-30T16:12:54.312500
620 2.312875 0.587500 2023-10-30T16:12:54.312500
620 2.313500 0.587500 2023-10-30T16:12:54.312500
620 2.313000 0.587750 2023-10-30T16:12:54.312500
620 2.312750 0.587875 2023-10-30T16:12:54.312500
620 2.313500 0.587750 2023-10-30T16:12:54.312500
620 2.315000 0.587750 2023-10-30T16:12:54.312500
620 2.315750 0.588125 2023-10-30T16:12:54.312500
620 2.315875 0.588125 2023-10-30T16:12:54.312500
620 2.316750 0.588750 2023-10-30T16:12:54.312500
620 2.316125 0.588625 2023-10-30T16:12:54.312500
620 2.317625 0.588750 2023-10-30T16:12:54.312500
620 2.318750 0.588750 2023-10-30T16:12:54.328125
620 2.320125 0.589125 2023-10-30T16:12:54.328125
620 2.320750 0.589500 2023-10-30T16:12:54.328125
620 2.321750 0.590125 2023-10-30T16:12:54.328125
620 2.321875 0.590000 2023-10-30T16:12:54.328125
620 2.323250 0.590125 2023-10-30T16:12:54.328125
620 2.324875 0.590500 2023-10-30T16:12:54.328125
620 2.326625 0.590625 2023-10-30T16:12:54.328125
620 2.327750 0.591250 2023-10-30T16:12:54.328125
620 2.329000 0.591625 2023-10-30T16:12:54.328125
620 2.329750 0.592000 2023-10-30T16:12:54.328125
620 2.331250 0.592375 2023-10-30T16:12:54.328125
620 2.567125 0.637375 2023-10-30T16:12:54.328125
620 2.567625 0.637750 2023-10-30T16:12:54.328125
640 2.566750 0.637875 2023-10-30T16:13:00.843750
640 2.567125 0.638000 2023-10-30T16:13:00.843750
640 2.565750 0.637875 2023-10-30T16:13:00.843750
640 2.566375 0.637750 2023-10-30T16:13:00.843750
640 2.567125 0.637500 2023-10-30T16:13:00.843750
640 2.567125 0.637625 2023-10-30T16:13:00.843750
640 2.566250 0.637750 2023-10-30T16:13:00.843750
640 2.566375 0.637750 2023-10-30T16:13:00.843750
640 2.566125 0.637625 2023-10-30T16:13:00.843750
640 2.565875 0.637750 2023-10-30T16:13:00.843750
640 2.566250 0.637625 2023-10-30T16:13:00.843750
640 2.567125 0.637625 2023-10-30T16:13:00.843750
640 2.567125 0.637750 2023-10-30T16:13:00.859375
640 2.566875 0.637500 2023-10-30T16:13:00.859375
640 2.565875 0.637750 2023-10-30T16:13:00.859375
640 2.565250 0.637625 2023-10-30T16:13:00.859375
640 2.565500 0.637250 2023-10-30T16:13:00.859375
640 2.566000 0.637375 2023-10-30T16:13:00.859375
640 2.566625 0.637500 2023-10-30T16:13:00.859375
640 2.565750 0.637500 2023-10-30T16:13:00.859375
640 2.566125 0.637625 2023-10-30T16:13:00.859375
640 2.564625 0.637500 2023-10-30T16:13:00.859375
640 2.564375 0.637250 2023-10-30T16:13:00.859375
640 2.564750 0.636875 2023-10-30T16:13:00.859375
640 2.565625 0.636875 2023-10-30T16:13:00.859375
640 2.565000 0.637125 2023-10-30T16:13:00.859375
640 2.564500 0.637125 2023-10-30T16:13:00.859375
640 2.563875 0.637125 2023-10-30T16:13:00.859375
640 2.563750 0.636875 2023-10-30T16:13:00.859375
640 2.563875 0.636625 2023-10-30T16:13:00.859375
640 2.564500 0.636750 2023-10-30T16:13:00.859375
640 2.564125 0.636625 2023-10-30T16:13:00.859375
640 2.563625 0.636750 2023-10-30T16:13:00.859375
640 2.562625 0.636500 2023-10-30T16:13:00.859375
640 2.562375 0.636125 2023-10-30T16:13:00.859375
640 2.562500 0.636125 2023-10-30T16:13:00.859375
640 2.561875 0.635750 2023-10-30T16:13:00.859375
640 2.562375 0.635875 2023-10-30T16:13:00.859375
640 2.561625 0.636000 2023-10-30T16:13:00.859375
640 2.561250 0.635875 2023-10-30T16:13:00.859375
640 2.560375 0.635500 2023-10-30T16:13:00.859375
640 2.560375 0.635250 2023-10-30T16:13:00.859375
640 2.560875 0.635125 2023-10-30T16:13:00.875000
640 2.560750 0.634875 2023-10-30T16:13:00.875000
640 2.559500 0.634875 2023-10-30T16:13:00.875000
640 2.559500 0.635000 2023-10-30T16:13:00.875000
640 2.558125 0.634875 2023-10-30T16:13:00.875000
640 2.256000 0.541500 2023-10-30T16:13:00.875000
640 2.256500 0.541375 2023-10-30T16:13:00.875000
640 2.257000 0.540875 2023-10-30T16:13:00.875000
660 2.257500 0.541125 2023-10-30T16:13:07.390625
660 2.257375 0.541375 2023-10-30T16:13:07.390625
660 2.257000 0.541500 2023-10-30T16:13:07.390625
660 2.255875 0.541375 2023-10-30T16:13:07.390625
660 2.256000 0.541250 2023-10-30T16:13:07.390625
660 2.256250 0.541125 2023-10-30T16:13:07.390625
660 2.256750 0.541125 2023-10-30T16:13:07.390625
660 2.256750 0.541250 2023-10-30T16:13:07.390625
660 2.256500 0.541375 2023-10-30T16:13:07.390625
660 2.255375 0.541000 2023-10-30T16:13:07.390625
660 2.255250 0.541000 2023-10-30T16:13:07.390625
660 2.254875 0.540750 2023-10-30T16:13:07.390625
660 2.255375 0.540625 2023-10-30T16:13:07.390625
660 2.254625 0.540500 2023-10-30T16:13:07.390625
660 2.254250 0.540375 2023-10-30T16:13:07.390625
660 2.253000 0.540625 2023-10-30T16:13:07.406250
660 2.251500 0.540000 2023-10-30T16:13:07.406250
660 2.251375 0.539875 2023-10-30T16:13:07.406250
660 2.251125 0.539375 2023-10-30T16:13:07.406250
660 2.250625 0.539375 2023-10-30T16:13:07.406250
660 2.249375 0.539250 2023-10-30T16:13:07.406250
660 2.248500 0.538750 2023-10-30T16:13:07.406250
660 2.246000 0.538500 2023-10-30T16:13:07.406250
660 2.245625 0.538000 2023-10-30T16:13:07.406250
660 2.244750 0.537625 2023-10-30T16:13:07.406250
660 2.244375 0.537375 2023-10-30T16:13:07.406250
660 2.242875 0.536875 2023-10-30T16:13:07.406250
660 2.241375 0.536750 2023-10-30T16:13:07.406250
660 2.239125 0.536125 2023-10-30T16:13:07.406250
660 2.238000 0.535750 2023-10-30T16:13:07.406250
660 2.236750 0.535000 2023-10-30T16:13:07.406250
660 2.235875 0.534500 2023-10-30T16:13:07.406250
660 2.234250 0.534500 2023-10-30T16:13:07.406250
660 2.232750 0.533875 2023-10-30T16:13:07.406250
660 2.230125 0.533500 2023-10-30T16:13:07.406250
660 2.227875 0.532750 2023-10-30T16:13:07.406250
660 2.226375 0.532000 2023-10-30T16:13:07.406250
660 2.224875 0.531500 2023-10-30T16:13:07.406250
660 2.224250 0.531000 2023-10-30T16:13:07.406250
660 2.221750 0.530750 2023-10-30T16:13:07.406250
660 2.220000 0.530125 2023-10-30T16:13:07.406250
660 2.217250 0.529500 2023-10-30T16:13:07.406250
660 2.215500 0.529000 2023-10-30T16:13:07.406250
660 2.214500 0.528250 2023-10-30T16:13:07.406250
660 2.213125 0.527750 2023-10-30T16:13:07.406250
660 2.210875 0.527500 2023-10-30T16:13:07.421875
660 2.208875 0.526875 2023-10-30T16:13:07.421875
660 1.535250 0.339500 2023-10-30T16:13:07.421875
660 1.535250 0.339375 2023-10-30T16:13:07.421875
660 1.535750 0.339375 2023-10-30T16:13:07.421875
680 1.536500 0.339125 2023-10-30T16:13:13.937500
680 1.535875 0.339500 2023-10-30T16:13:13.937500
680 1.536000 0.339500 2023-10-30T16:13:13.937500
680 1.535250 0.339500 2023-10-30T16:13:13.937500
680 1.535250 0.339375 2023-10-30T16:13:13.937500
680 1.535750 0.339375 2023-10-30T16:13:13.937500
680 1.536500 0.339125 2023-10-30T16:13:13.937500
680 1.535875 0.339500 2023-10-30T16:13:13.937500
680 1.536000 0.339500 2023-10-30T16:13:13.937500
680 1.535250 0.339500 2023-10-30T16:13:13.937500
680 1.535250 0.339375 2023-10-30T16:13:13.937500
680 1.535750 0.339375 2023-10-30T16:13:13.937500
680 1.536500 0.339125 2023-10-30T16:13:13.937500
680 1.536125 0.339375 2023-10-30T16:13:13.937500
680 1.536000 0.339250 2023-10-30T16:13:13.937500
680 1.535250 0.339625 2023-10-30T16:13:13.937500
680 1.534750 0.339500 2023-10-30T16:13:13.937500
680 1.535375 0.339500 2023-10-30T16:13:13.937500
680 1.536125 0.339375 2023-10-30T16:13:13.937500
680 1.535875 0.339125 2023-10-30T16:13:13.953125
680 1.534750 0.339000 2023-10-30T16:13:13.953125
680 1.534500 0.339125 2023-10-30T16:13:13.953125
680 1.533125 0.338875 2023-10-30T16:13:13.953125
680 1.532625 0.338750 2023-10-30T16:13:13.953125
680 1.532375 0.338250 2023-10-30T16:13:13.953125
680 1.532000 0.338250 2023-10-30T16:13:13.953125
680 1.531000 0.338000 2023-10-30T16:13:13.953125
680 1.529750 0.337875 2023-10-30T16:13:13.953125
680 1.527750 0.337375 2023-10-30T16:13:13.953125
680 1.526875 0.337000 2023-10-30T16:13:13.953125
680 1.525625 0.336375 2023-10-30T16:13:13.953125
680 1.524625 0.336000 2023-10-30T16:13:13.953125
680 1.523000 0.335750 2023-10-30T16:13:13.953125
680 1.521625 0.335500 2023-10-30T16:13:13.953125
680 1.518625 0.334875 2023-10-30T16:13:13.953125
680 1.516875 0.334375 2023-10-30T16:13:13.953125
680 1.515250 0.333875 2023-10-30T16:13:13.953125
680 1.513625 0.333125 2023-10-30T16:13:13.953125
680 1.511500 0.332625 2023-10-30T16:13:13.953125
680 1.509125 0.332125 2023-10-30T16:13:13.953125
680 1.506625 0.331500 2023-10-30T16:13:13.953125
680 1.503625 0.330875 2023-10-30T16:13:13.953125
680 1.501125 0.330000 2023-10-30T16:13:13.953125
680 1.498875 0.329375 2023-10-30T16:13:13.953125
680 1.496875 0.328625 2023-10-30T16:13:13.953125
680 0.672875 0.129375 2023-10-30T16:13:13.968750
680 0.672875 0.129125 2023-10-30T16:13:13.968750
700 0.673875 0.129375 2023-10-30T16:13:20.484375
700 0.673250 0.129500 2023-10-30T16:13:20.484375
700 0.673500 0.129625 2023-10-30T16:13:20.484375
700 0.672500 0.129375 2023-10-30T16:13:20.484375
700 0.672875 0.129375 2023-10-30T16:13:20.484375
700 0.672875 0.129125 2023-10-30T16:13:20.484375
700 0.673875 0.129375 2023-10-30T16:13:20.484375
700 0.673250 0.129500 2023-10-30T16:13:20.484375
700 0.673500 0.129625 2023-10-30T16:13:20.484375
700 0.672500 0.129375 2023-10-30T16:13:20.484375
700 0.672875 0.129375 2023-10-30T16:13:20.484375
700 0.672875 0.129125 2023-10-30T16:13:20.484375
700 0.674000 0.129250 2023-10-30T16:13:20.484375
700 0.673500 0.129125 2023-10-30T16:13:20.484375
700 0.673250 0.129625 2023-10-30T16:13:20.484375
700 0.672625 0.129375 2023-10-30T16:13:20.484375
700 0.672875 0.129375 2023-10-30T16:13:20.484375
700 0.672875 0.129250 2023-10-30T16:13:20.484375
700 0.672875 0.129125 2023-10-30T16:13:20.484375
700 0.672875 0.129000 2023-10-30T16:13:20.484375
700 0.672250 0.129000 2023-10-30T16:13:20.484375
700 0.671625 0.128875 2023-10-30T16:13:20.484375
700 0.670250 0.128625 2023-10-30T16:13:20.484375
700 0.670250 0.128500 2023-10-30T16:13:20.484375
700 0.669750 0.128125 2023-10-30T16:13:20.500000
700 0.669000 0.128250 2023-10-30T16:13:20.500000
700 0.667750 0.127875 2023-10-30T16:13:20.500000
700 0.666375 0.127875 2023-10-30T16:13:20.500000
700 0.664750 0.127375 2023-10-30T16:13:20.500000
700 0.663750 0.127125 2023-10-30T16:13:20.500000
700 0.662875 0.126375 2023-10-30T16:13:20.500000
700 0.662375 0.126125 2023-10-30T16:13:20.500000
700 0.660250 0.126125 2023-10-30T16:13:20.500000
700 0.658375 0.125750 2023-10-30T16:13:20.500000
700 0.656000 0.125500 2023-10-30T16:13:20.500000
700 0.654125 0.124875 2023-10-30T16:13:20.500000
700 0.652750 0.124750 2023-10-30T16:13:20.500000
700 0.651625 0.123875 2023-10-30T16:13:20.500000
700 0.649250 0.123250 2023-10-30T16:13:20.500000
700 0.647125 0.123375 2023-10-30T16:13:20.500000
700 0.644250 0.122750 2023-10-30T16:13:20.500000
700 0.641500 0.122125 2023-10-30T16:13:20.500000
700 0.639625 0.121375 2023-10-30T16:13:20.500000
700 0.637750 0.120750 2023-10-30T16:13:20.500000
700 0.635250 0.120125 2023-10-30T16:13:20.500000
700 0.632375 0.119875 2023-10-30T16:13:20.500000
700 0.083625 0.008750 2023-10-30T16:13:20.500000
700 0.083625 0.008875 2023-10-30T16:13:20.500000
700 0.082875 0.008750 2023-10-30T16:13:20.515625
