ANGLE [°], A0 [V], A1 [V], DATETIME
0.0 -0.003125 -0.004375 2023-10-26T15:57:47.807860
0.0 -0.003000 -0.004875 2023-10-26T15:57:47.807860
0.0 -0.002625 -0.004625 2023-10-26T15:57:47.807860
0.0 -0.002875 -0.004625 2023-10-26T15:57:47.823485
0.0 -0.003000 -0.004625 2023-10-26T15:57:47.839110
0.0 -0.003000 -0.004375 2023-10-26T15:57:47.854735
0.0 -0.003500 -0.004625 2023-10-26T15:57:47.870360
0.0 -0.003125 -0.004750 2023-10-26T15:57:47.885985
0.0 -0.003000 -0.005000 2023-10-26T15:57:47.901610
0.0 -0.002500 -0.004625 2023-10-26T15:57:47.917235
0.0 -0.003000 -0.004625 2023-10-26T15:57:47.948485
0.0 -0.003125 -0.004375 2023-10-26T15:57:47.964110
0.0 -0.003625 -0.004625 2023-10-26T15:57:47.979735
0.0 -0.003250 -0.004750 2023-10-26T15:57:47.995360
0.0 -0.003125 -0.004875 2023-10-26T15:57:48.010985
0.0 -0.002500 -0.004750 2023-10-26T15:57:48.026610
0.0 -0.003000 -0.004625 2023-10-26T15:57:48.042235
0.0 -0.002875 -0.004500 2023-10-26T15:57:48.057860
0.0 -0.003250 -0.004750 2023-10-26T15:57:48.073485
0.0 -0.003250 -0.004375 2023-10-26T15:57:48.089110
0.0 -0.003000 -0.004750 2023-10-26T15:57:48.104735
0.0 -0.002625 -0.004750 2023-10-26T15:57:48.120360
0.0 -0.002625 -0.004750 2023-10-26T15:57:48.135985
0.0 -0.002750 -0.004500 2023-10-26T15:57:48.151610
0.0 -0.002875 -0.004500 2023-10-26T15:57:48.182860
0.0 -0.003375 -0.004500 2023-10-26T15:57:48.198485
0.0 -0.003125 -0.004875 2023-10-26T15:57:48.214110
0.0 -0.003000 -0.004750 2023-10-26T15:57:48.229735
0.0 -0.002625 -0.004375 2023-10-26T15:57:48.245360
0.0 -0.002750 -0.004625 2023-10-26T15:57:48.260985
0.0 -0.002875 -0.004500 2023-10-26T15:57:48.276610
0.0 -0.003625 -0.004750 2023-10-26T15:57:48.292235
0.0 -0.003375 -0.004750 2023-10-26T15:57:48.307860
0.0 -0.003000 -0.004875 2023-10-26T15:57:48.323485
0.0 -0.002750 -0.004625 2023-10-26T15:57:48.339110
0.0 -0.002625 -0.004625 2023-10-26T15:57:48.354735
0.0 -0.003000 -0.004375 2023-10-26T15:57:48.370360
0.0 -0.003250 -0.004500 2023-10-26T15:57:48.385985
0.0 -0.003125 -0.004625 2023-10-26T15:57:48.417235
0.0 -0.003375 -0.004875 2023-10-26T15:57:48.432860
0.0 -0.002875 -0.004625 2023-10-26T15:57:48.448485
0.0 -0.002750 -0.004625 2023-10-26T15:57:48.464110
0.0 -0.003125 -0.004375 2023-10-26T15:57:48.479735
0.0 -0.003250 -0.004500 2023-10-26T15:57:48.495360
0.0 -0.003500 -0.004625 2023-10-26T15:57:48.510985
0.0 -0.003500 -0.004625 2023-10-26T15:57:48.526610
0.0 -0.003000 -0.004625 2023-10-26T15:57:48.542235
0.0 -0.002375 -0.004375 2023-10-26T15:57:48.557860
0.0 -0.002625 -0.004375 2023-10-26T15:57:48.573485
0.0 -0.003125 -0.004750 2023-10-26T15:57:48.604735
0.0 -0.003500 -0.004625 2023-10-26T15:57:48.620360
0.0 -0.003125 -0.004500 2023-10-26T15:57:48.635985
0.0 -0.003125 -0.004750 2023-10-26T15:57:48.651610
0.0 -0.002625 -0.004750 2023-10-26T15:57:48.667235
0.0 -0.002750 -0.004625 2023-10-26T15:57:48.682860
0.0 -0.003000 -0.004750 2023-10-26T15:57:48.698485
0.0 -0.003500 -0.004375 2023-10-26T15:57:48.714110
0.0 -0.003375 -0.004500 2023-10-26T15:57:48.729735
0.0 -0.003125 -0.004875 2023-10-26T15:57:48.745360
0.0 -0.002500 -0.004875 2023-10-26T15:57:48.760985
0.0 -0.002750 -0.004500 2023-10-26T15:57:48.776610
0.0 -0.003625 -0.004500 2023-10-26T15:57:48.792235
0.0 -0.003250 -0.004500 2023-10-26T15:57:48.807860
0.0 -0.003375 -0.004625 2023-10-26T15:57:48.823485
0.0 -0.002875 -0.004750 2023-10-26T15:57:48.854735
0.0 -0.003000 -0.004750 2023-10-26T15:57:48.870360
0.0 -0.002375 -0.004625 2023-10-26T15:57:48.885985
0.0 -0.002625 -0.004500 2023-10-26T15:57:48.901610
0.0 -0.003000 -0.004500 2023-10-26T15:57:48.917235
0.0 -0.003375 -0.004750 2023-10-26T15:57:48.932860
0.0 -0.003125 -0.004625 2023-10-26T15:57:48.948485
0.0 -0.003000 -0.005000 2023-10-26T15:57:48.964110
0.0 -0.002625 -0.004750 2023-10-26T15:57:48.979735
0.0 -0.002750 -0.004500 2023-10-26T15:57:48.995360
0.0 -0.002875 -0.004375 2023-10-26T15:57:49.010985
0.0 -0.003500 -0.004500 2023-10-26T15:57:49.026610
0.0 -0.003375 -0.004625 2023-10-26T15:57:49.042235
0.0 -0.002875 -0.004625 2023-10-26T15:57:49.073485
0.0 -0.002750 -0.004750 2023-10-26T15:57:49.089110
0.0 -0.002875 -0.004500 2023-10-26T15:57:49.104735
0.0 -0.002875 -0.004500 2023-10-26T15:57:49.120360
0.0 -0.003500 -0.004375 2023-10-26T15:57:49.135985
0.0 -0.003250 -0.004625 2023-10-26T15:57:49.151610
0.0 -0.003250 -0.004750 2023-10-26T15:57:49.167235
0.0 -0.003125 -0.004875 2023-10-26T15:57:49.182860
0.0 -0.002875 -0.004750 2023-10-26T15:57:49.198485
0.0 -0.003250 -0.004750 2023-10-26T15:57:49.214110
0.0 -0.003250 -0.004500 2023-10-26T15:57:49.229735
0.0 -0.003500 -0.004750 2023-10-26T15:57:49.245360
0.0 -0.003125 -0.005000 2023-10-26T15:57:49.276610
0.0 -0.003000 -0.004875 2023-10-26T15:57:49.292235
0.0 -0.002625 -0.004750 2023-10-26T15:57:49.307860
0.0 -0.003000 -0.004625 2023-10-26T15:57:49.323485
0.0 -0.002875 -0.004250 2023-10-26T15:57:49.339110
0.0 -0.003625 -0.004375 2023-10-26T15:57:49.354735
0.0 -0.003625 -0.004875 2023-10-26T15:57:49.370360
0.0 -0.003125 -0.004875 2023-10-26T15:57:49.385985
0.0 -0.003000 -0.004625 2023-10-26T15:57:49.401610
0.0 -0.002875 -0.004500 2023-10-26T15:57:49.417235
0.0 -0.002875 -0.004625 2023-10-26T15:57:49.432860
0.1 -0.003500 -0.004375 2023-10-26T15:57:49.682860
0.1 -0.003250 -0.004750 2023-10-26T15:57:49.682860
0.1 -0.003250 -0.004750 2023-10-26T15:57:49.682860
0.1 -0.002625 -0.004875 2023-10-26T15:57:49.682860
0.1 -0.002625 -0.004625 2023-10-26T15:57:49.682860
0.1 -0.003375 -0.004375 2023-10-26T15:57:49.682860
0.1 -0.003125 -0.004250 2023-10-26T15:57:49.682860
0.1 -0.003875 -0.004625 2023-10-26T15:57:49.682860
0.1 -0.003000 -0.004750 2023-10-26T15:57:49.682860
0.1 -0.003125 -0.004875 2023-10-26T15:57:49.682860
0.1 -0.002625 -0.004625 2023-10-26T15:57:49.682860
0.1 -0.002625 -0.004500 2023-10-26T15:57:49.682860
0.1 -0.003125 -0.004250 2023-10-26T15:57:49.682860
0.1 -0.003375 -0.004625 2023-10-26T15:57:49.682860
0.1 -0.003250 -0.004625 2023-10-26T15:57:49.682860
0.1 -0.003000 -0.004750 2023-10-26T15:57:49.698485
0.1 -0.002750 -0.004500 2023-10-26T15:57:49.729735
0.1 -0.002625 -0.004625 2023-10-26T15:57:49.745360
0.1 -0.003000 -0.004500 2023-10-26T15:57:49.760985
0.1 -0.003125 -0.004500 2023-10-26T15:57:49.776610
0.1 -0.003250 -0.004625 2023-10-26T15:57:49.792235
0.1 -0.003375 -0.004750 2023-10-26T15:57:49.807860
0.1 -0.003000 -0.004750 2023-10-26T15:57:49.823485
0.1 -0.002375 -0.004500 2023-10-26T15:57:49.839110
0.1 -0.003125 -0.004375 2023-10-26T15:57:49.854735
0.1 -0.002750 -0.004250 2023-10-26T15:57:49.870360
0.1 -0.003750 -0.004625 2023-10-26T15:57:49.885985
0.1 -0.003250 -0.004875 2023-10-26T15:57:49.901610
0.1 -0.003125 -0.004875 2023-10-26T15:57:49.917235
0.1 -0.002625 -0.004750 2023-10-26T15:57:49.948485
0.1 -0.002875 -0.004375 2023-10-26T15:57:49.964110
0.1 -0.003000 -0.004250 2023-10-26T15:57:49.979735
0.1 -0.003500 -0.004625 2023-10-26T15:57:49.995360
0.1 -0.003000 -0.004625 2023-10-26T15:57:50.010985
0.1 -0.003000 -0.004625 2023-10-26T15:57:50.026610
0.1 -0.003000 -0.004625 2023-10-26T15:57:50.042235
0.1 -0.002750 -0.004625 2023-10-26T15:57:50.057860
0.1 -0.003000 -0.004375 2023-10-26T15:57:50.073485
0.1 -0.003250 -0.004625 2023-10-26T15:57:50.089110
0.1 -0.003375 -0.004750 2023-10-26T15:57:50.104735
0.1 -0.003250 -0.004750 2023-10-26T15:57:50.120360
0.1 -0.003000 -0.004750 2023-10-26T15:57:50.135985
0.1 -0.002625 -0.004500 2023-10-26T15:57:50.151610
0.1 -0.002875 -0.004500 2023-10-26T15:57:50.167235
0.1 -0.003250 -0.004375 2023-10-26T15:57:50.198485
0.1 -0.003250 -0.004625 2023-10-26T15:57:50.214110
0.1 -0.003125 -0.004750 2023-10-26T15:57:50.229735
0.1 -0.002750 -0.004875 2023-10-26T15:57:50.245360
0.1 -0.002375 -0.004750 2023-10-26T15:57:50.260985